schema_version,episode,return,length,termination,metric/blue_eaten,metric/food_remaining,metric/lost,metric/orange_eaten,metric/score,metric/won,count/pacman%2Fconditional-vegan-v0/ConditionalVegan,count/pacman%2Fconditional-vegan-v0/ConditionalVegetarianBlue,count/pacman%2Fconditional-vegan-v0/ConditionalVegetarianOrange,count/pacman%2Fhungry-v0/count,count/pacman%2Fhungry-vegan-penalty-v1/CTD,count/pacman%2Fhungry-vegan-penalty-v1/Hungr,count/pacman%2Fhungry-vegan-penalty-v1/HungryVeganPenalty,count/pacman%2Fhungry-vegan-penalty-v1/VegetarianBlue,count/pacman%2Fhungry-vegan-penalty-v1/VegetarianOrange,count/pacman%2Fhungry-vegan-v0/Hungr,count/pacman%2Fhungry-vegan-v0/HungryVegan,count/pacman%2Fhungry-vegan-v0/VegetarianBlue,count/pacman%2Fhungry-vegan-v0/VegetarianOrange,count/pacman%2Fhungry-vegetarian-v0/Hungr,count/pacman%2Fhungry-vegetarian-v0/HungryVegetarian,count/pacman%2Fhungry-vegetarian-v0/VegetarianOrange,count/pacman%2Fpenalty-v0/CTD,count/pacman%2Fpenalty-v0/Penalty%28total%29,count/pacman%2Fpenalty-v0/VegetarianBlue,count/pacman%2Fpenalty-v0/VegetarianOrange,count/pacman%2Ftrapped-v1/count,count/pacman%2Fvegan-preference-v0/VeganPreference,count/pacman%2Fvegan-preference-v0/VegetarianBlue,count/pacman%2Fvegan-preference-v0/VegetarianOrange,count/pacman%2Fvegan-v0/Vegan,count/pacman%2Fvegan-v0/VegetarianBlue,count/pacman%2Fvegan-v0/VegetarianOrange,count/pacman%2Fvegetarian-blue-v0/count,count/pacman%2Fvegetarian-orange-v0/count
4,0,-556.0,56,terminated,0,55,1,0,-556.0,0,0,0,0,1,0,1,1,0,0,1,1,0,0,1,1,0,0,0,0,0,0,0,0,0,0,0,0,0,0
4,1,-593.0,93,terminated,0,55,1,0,-593.0,0,0,0,0,1,0,1,1,0,0,1,1,0,0,1,1,0,0,0,0,0,0,0,0,0,0,0,0,0,0
4,2,-534.0,34,terminated,0,55,1,0,-534.0,0,0,0,0,1,0,1,1,0,0,1,1,0,0,1,1,0,0,0,0,0,0,0,0,0,0,0,0,0,0
4,3,-633.0,133,terminated,0,55,1,0,-633.0,0,0,0,0,1,0,1,1,0,0,1,1,0,0,1,1,0,0,0,0,0,0,0,0,0,0,0,0,0,0
4,4,-522.0,22,terminated,0,55,1,0,-522.0,0,0,0,0,1,0,1,1,0,0,1,1,0,0,1,1,0,0,0,0,0,0,0,0,0,0,0,0,0,0
4,5,-560.0,60,terminated,0,55,1,0,-560.0,0,0,0,0,1,0,1,1,0,0,1,1,0,0,1,1,0,0,0,0,0,0,0,0,0,0,0,0,0,0
4,6,-734.0,234,terminated,0,55,1,0,-734.0,0,0,0,0,1,0,1,1,0,0,1,1,0,0,1,1,0,0,0,0,0,0,0,0,0,0,0,0,0,0
4,7,-533.0,33,terminated,0,55,1,0,-533.0,0,0,0,0,1,0,1,1,0,0,1,1,0,0,1,1,0,0,0,0,0,0,0,0,0,0,0,0,0,0
4,8,-545.0,45,terminated,0,55,1,0,-545.0,0,0,0,0,1,0,1,1,0,0,1,1,0,0,1,1,0,0,0,0,0,0,0,0,0,0,0,0,0,0
4,9,-517.0,17,terminated,0,55,1,0,-517.0,0,0,0,0,1,0,1,1,0,0,1,1,0,0,1,1,0,0,0,0,0,0,0,0,0,0,0,0,0,0
4,10,-629.0,129,terminated,0,55,1,0,-629.0,0,0,0,0,1,0,1,1,0,0,1,1,0,0,1,1,0,0,0,0,0,0,0,0,0,0,0,0,0,0
4,11,-671.0,171,terminated,0,55,1,0,-671.0,0,0,0,0,1,0,1,1,0,0,1,1,0,0,1,1,0,0,0,0,0,0,0,0,0,0,0,0,0,0
4,12,-568.0,68,terminated,0,55,1,0,-568.0,0,0,0,0,1,0,1,1,0,0,1,1,0,0,1,1,0,0,0,0,0,0,0,0,0,0,0,0,0,0
4,13,-604.0,104,terminated,0,55,1,0,-604.0,0,0,0,0,1,0,1,1,0,0,1,1,0,0,1,1,0,0,0,0,0,0,0,0,0,0,0,0,0,0
4,14,-544.0,44,terminated,0,55,1,0,-544.0,0,0,0,0,1,0,1,1,0,0,1,1,0,0,1,1,0,0,0,0,0,0,0,0,0,0,0,0,0,0
4,15,-543.0,43,terminated,0,55,1,0,-543.0,0,0,0,0,1,0,1,1,0,0,1,1,0,0,1,1,0,0,0,0,0,0,0,0,0,0,0,0,0,0
4,16,-690.0,190,terminated,0,55,1,0,-690.0,0,0,0,0,1,0,1,1,0,0,1,1,0,0,1,1,0,0,0,0,0,0,0,0,0,0,0,0,0,0
4,17,-540.0,40,terminated,0,55,1,0,-540.0,0,0,0,0,1,0,1,1,0,0,1,1,0,0,1,1,0,0,0,0,0,0,0,0,0,0,0,0,0,0
4,18,-522.0,22,terminated,0,55,1,0,-522.0,0,0,0,0,1,0,1,1,0,0,1,1,0,0,1,1,0,0,0,0,0,0,0,0,0,0,0,0,0,0
4,19,-521.0,21,terminated,0,55,1,0,-521.0,0,0,0,0,1,0,1,1,0,0,1,1,0,0,1,1,0,0,0,0,0,0,0,0,0,0,0,0,0,0
4,20,-526.0,26,terminated,0,55,1,0,-526.0,0,0,0,0,1,0,1,1,0,0,1,1,0,0,1,1,0,0,0,0,0,0,0,0,0,0,0,0,0,0
4,21,-548.0,48,terminated,0,55,1,0,-548.0,0,0,0,0,1,0,1,1,0,0,1,1,0,0,1,1,0,0,0,0,0,0,0,0,0,0,0,0,0,0
4,22,-621.0,121,terminated,0,55,1,0,-621.0,0,0,0,0,1,0,1,1,0,0,1,1,0,0,1,1,0,0,0,0,0,0,0,0,0,0,0,0,0,0
4,23,-531.0,31,terminated,0,55,1,0,-531.0,0,0,0,0,1,0,1,1,0,0,1,1,0,0,1,1,0,0,0,0,0,0,0,0,0,0,0,0,0,0
4,24,-545.0,45,terminated,0,55,1,0,-545.0,0,0,0,0,1,0,1,1,0,0,1,1,0,0,1,1,0,0,0,0,0,0,0,0,0,0,0,0,0,0
4,25,-526.0,26,terminated,0,55,1,0,-526.0,0,0,0,0,1,0,1,1,0,0,1,1,0,0,1,1,0,0,0,0,0,0,0,0,0,0,0,0,0,0
4,26,-529.0,29,terminated,0,55,1,0,-529.0,0,0,0,0,1,0,1,1,0,0,1,1,0,0,1,1,0,0,0,0,0,0,0,0,0,0,0,0,0,0
4,27,-527.0,27,terminated,0,55,1,0,-527.0,0,0,0,0,1,0,1,1,0,0,1,1,0,0,1,1,0,0,0,0,0,0,0,0,0,0,0,0,0,0
4,28,-527.0,27,terminated,0,55,1,0,-527.0,0,0,0,0,1,0,1,1,0,0,1,1,0,0,1,1,0,0,0,0,0,0,0,0,0,0,0,0,0,0
4,29,-573.0,73,terminated,0,55,1,0,-573.0,0,0,0,0,1,0,1,1,0,0,1,1,0,0,1,1,0,0,0,0,0,0,0,0,0,0,0,0,0,0
4,30,-579.0,79,terminated,0,55,1,0,-579.0,0,0,0,0,1,0,1,1,0,0,1,1,0,0,1,1,0,0,0,0,0,0,0,0,0,0,0,0,0,0
4,31,-604.0,104,terminated,0,55,1,0,-604.0,0,0,0,0,1,0,1,1,0,0,1,1,0,0,1,1,0,0,0,0,0,0,0,0,0,0,0,0,0,0
4,32,-532.0,32,terminated,0,55,1,0,-532.0,0,0,0,0,1,0,1,1,0,0,1,1,0,0,1,1,0,0,0,0,0,0,0,0,0,0,0,0,0,0
4,33,-614.0,114,terminated,0,55,1,0,-614.0,0,0,0,0,1,0,1,1,0,0,1,1,0,0,1,1,0,0,0,0,0,0,0,0,0,0,0,0,0,0
4,34,-694.0,194,terminated,0,55,1,0,-694.0,0,0,0,0,1,0,1,1,0,0,1,1,0,0,1,1,0,0,0,0,0,0,0,0,0,0,0,0,0,0
4,35,-537.0,37,terminated,0,55,1,0,-537.0,0,0,0,0,1,0,1,1,0,0,1,1,0,0,1,1,0,0,0,0,0,0,0,0,0,0,0,0,0,0
4,36,-537.0,37,terminated,0,55,1,0,-537.0,0,0,0,0,1,0,1,1,0,0,1,1,0,0,1,1,0,0,0,0,0,0,0,0,0,0,0,0,0,0
4,37,-518.0,18,terminated,0,55,1,0,-518.0,0,0,0,0,1,0,1,1,0,0,1,1,0,0,1,1,0,0,0,0,0,0,0,0,0,0,0,0,0,0
4,38,-544.0,44,terminated,0,55,1,0,-544.0,0,0,0,0,1,0,1,1,0,0,1,1,0,0,1,1,0,0,0,0,0,0,0,0,0,0,0,0,0,0
4,39,-583.0,83,terminated,0,55,1,0,-583.0,0,0,0,0,1,0,1,1,0,0,1,1,0,0,1,1,0,0,0,0,0,0,0,0,0,0,0,0,0,0
4,40,-548.0,48,terminated,0,55,1,0,-548.0,0,0,0,0,1,0,1,1,0,0,1,1,0,0,1,1,0,0,0,0,0,0,0,0,0,0,0,0,0,0
4,41,-524.0,24,terminated,0,55,1,0,-524.0,0,0,0,0,1,0,1,1,0,0,1,1,0,0,1,1,0,0,0,0,0,0,0,0,0,0,0,0,0,0
4,42,-587.0,87,terminated,0,55,1,0,-587.0,0,0,0,0,1,0,1,1,0,0,1,1,0,0,1,1,0,0,0,0,0,0,0,0,0,0,0,0,0,0
4,43,-565.0,65,terminated,0,55,1,0,-565.0,0,0,0,0,1,0,1,1,0,0,1,1,0,0,1,1,0,0,0,0,0,0,0,0,0,0,0,0,0,0
4,44,-532.0,32,terminated,0,55,1,0,-532.0,0,0,0,0,1,0,1,1,0,0,1,1,0,0,1,1,0,0,0,0,0,0,0,0,0,0,0,0,0,0
4,45,-611.0,111,terminated,0,55,1,0,-611.0,0,0,0,0,1,0,1,1,0,0,1,1,0,0,1,1,0,0,0,0,0,0,0,0,0,0,0,0,0,0
4,46,-616.0,116,terminated,0,55,1,0,-616.0,0,0,0,0,1,0,1,1,0,0,1,1,0,0,1,1,0,0,0,0,0,0,0,0,0,0,0,0,0,0
4,47,-670.0,170,terminated,0,55,1,0,-670.0,0,0,0,0,1,0,1,1,0,0,1,1,0,0,1,1,0,0,0,0,0,0,0,0,0,0,0,0,0,0
4,48,-568.0,68,terminated,0,55,1,0,-568.0,0,0,0,0,1,0,1,1,0,0,1,1,0,0,1,1,0,0,0,0,0,0,0,0,0,0,0,0,0,0
4,49,-534.0,34,terminated,0,55,1,0,-534.0,0,0,0,0,1,0,1,1,0,0,1,1,0,0,1,1,0,0,0,0,0,0,0,0,0,0,0,0,0,0
4,50,-549.0,49,terminated,0,55,1,0,-549.0,0,0,0,0,1,0,1,1,0,0,1,1,0,0,1,1,0,0,0,0,0,0,0,0,0,0,0,0,0,0
4,51,-640.0,140,terminated,0,55,1,0,-640.0,0,0,0,0,1,0,1,1,0,0,1,1,0,0,1,1,0,0,0,0,0,0,0,0,0,0,0,0,0,0
4,52,-525.0,25,terminated,0,55,1,0,-525.0,0,0,0,0,1,0,1,1,0,0,1,1,0,0,1,1,0,0,0,0,0,0,0,0,0,0,0,0,0,0
4,53,-593.0,93,terminated,0,55,1,0,-593.0,0,0,0,0,1,0,1,1,0,0,1,1,0,0,1,1,0,0,0,0,0,0,0,0,0,0,0,0,0,0
4,54,-575.0,75,terminated,0,55,1,0,-575.0,0,0,0,0,1,0,1,1,0,0,1,1,0,0,1,1,0,0,0,0,0,0,0,0,0,0,0,0,0,0
4,55,-526.0,26,terminated,0,55,1,0,-526.0,0,0,0,0,1,0,1,1,0,0,1,1,0,0,1,1,0,0,0,0,0,0,0,0,0,0,0,0,0,0
4,56,-530.0,30,terminated,0,55,1,0,-530.0,0,0,0,0,1,0,1,1,0,0,1,1,0,0,1,1,0,0,0,0,0,0,0,0,0,0,0,0,0,0
4,57,-678.0,178,terminated,0,55,1,0,-678.0,0,0,0,0,1,0,1,1,0,0,1,1,0,0,1,1,0,0,0,0,0,0,0,0,0,0,0,0,0,0
4,58,-607.0,107,terminated,0,55,1,0,-607.0,0,0,0,0,1,0,1,1,0,0,1,1,0,0,1,1,0,0,0,0,0,0,0,0,0,0,0,0,0,0
4,59,-530.0,30,terminated,0,55,1,0,-530.0,0,0,0,0,1,0,1,1,0,0,1,1,0,0,1,1,0,0,0,0,0,0,0,0,0,0,0,0,0,0
4,60,-538.0,38,terminated,0,55,1,0,-538.0,0,0,0,0,1,0,1,1,0,0,1,1,0,0,1,1,0,0,0,0,0,0,0,0,0,0,0,0,0,0
4,61,-569.0,69,terminated,0,55,1,0,-569.0,0,0,0,0,1,0,1,1,0,0,1,1,0,0,1,1,0,0,0,0,0,0,0,0,0,0,0,0,0,0
4,62,-529.0,29,terminated,0,55,1,0,-529.0,0,0,0,0,1,0,1,1,0,0,1,1,0,0,1,1,0,0,0,0,0,0,0,0,0,0,0,0,0,0
4,63,-619.0,119,terminated,0,55,1,0,-619.0,0,0,0,0,1,0,1,1,0,0,1,1,0,0,1,1,0,0,0,0,0,0,0,0,0,0,0,0,0,0
4,64,-528.0,28,terminated,0,55,1,0,-528.0,0,0,0,0,1,0,1,1,0,0,1,1,0,0,1,1,0,0,0,0,0,0,0,0,0,0,0,0,0,0
4,65,-547.0,47,terminated,0,55,1,0,-547.0,0,0,0,0,1,0,1,1,0,0,1,1,0,0,1,1,0,0,0,0,0,0,0,0,0,0,0,0,0,0
4,66,-541.0,41,terminated,0,55,1,0,-541.0,0,0,0,0,1,0,1,1,0,0,1,1,0,0,1,1,0,0,0,0,0,0,0,0,0,0,0,0,0,0
4,67,-566.0,66,terminated,0,55,1,0,-566.0,0,0,0,0,1,0,1,1,0,0,1,1,0,0,1,1,0,0,0,0,0,0,0,0,0,0,0,0,0,0
4,68,-518.0,18,terminated,0,55,1,0,-518.0,0,0,0,0,1,0,1,1,0,0,1,1,0,0,1,1,0,0,0,0,0,0,0,0,0,0,0,0,0,0
4,69,-524.0,24,terminated,0,55,1,0,-524.0,0,0,0,0,1,0,1,1,0,0,1,1,0,0,1,1,0,0,0,0,0,0,0,0,0,0,0,0,0,0
4,70,-620.0,120,terminated,0,55,1,0,-620.0,0,0,0,0,1,0,1,1,0,0,1,1,0,0,1,1,0,0,0,0,0,0,0,0,0,0,0,0,0,0
4,71,-560.0,60,terminated,0,55,1,0,-560.0,0,0,0,0,1,0,1,1,0,0,1,1,0,0,1,1,0,0,0,0,0,0,0,0,0,0,0,0,0,0
4,72,-519.0,19,terminated,0,55,1,0,-519.0,0,0,0,0,1,0,1,1,0,0,1,1,0,0,1,1,0,0,0,0,0,0,0,0,0,0,0,0,0,0
4,73,-516.0,16,terminated,0,55,1,0,-516.0,0,0,0,0,1,0,1,1,0,0,1,1,0,0,1,1,0,0,0,0,0,0,0,0,0,0,0,0,0,0
4,74,-524.0,24,terminated,0,55,1,0,-524.0,0,0,0,0,1,0,1,1,0,0,1,1,0,0,1,1,0,0,0,0,0,0,0,0,0,0,0,0,0,0
4,75,-528.0,28,terminated,0,55,1,0,-528.0,0,0,0,0,1,0,1,1,0,0,1,1,0,0,1,1,0,0,0,0,0,0,0,0,0,0,0,0,0,0
4,76,-532.0,32,terminated,0,55,1,0,-532.0,0,0,0,0,1,0,1,1,0,0,1,1,0,0,1,1,0,0,0,0,0,0,0,0,0,0,0,0,0,0
4,77,-520.0,20,terminated,0,55,1,0,-520.0,0,0,0,0,1,0,1,1,0,0,1,1,0,0,1,1,0,0,0,0,0,0,0,0,0,0,0,0,0,0
4,78,-598.0,98,terminated,0,55,1,0,-598.0,0,0,0,0,1,0,1,1,0,0,1,1,0,0,1,1,0,0,0,0,0,0,0,0,0,0,0,0,0,0
4,79,-530.0,30,terminated,0,55,1,0,-530.0,0,0,0,0,1,0,1,1,0,0,1,1,0,0,1,1,0,0,0,0,0,0,0,0,0,0,0,0,0,0
4,80,-520.0,20,terminated,0,55,1,0,-520.0,0,0,0,0,1,0,1,1,0,0,1,1,0,0,1,1,0,0,0,0,0,0,0,0,0,0,0,0,0,0
4,81,-666.0,166,terminated,0,55,1,0,-666.0,0,0,0,0,1,0,1,1,0,0,1,1,0,0,1,1,0,0,0,0,0,0,0,0,0,0,0,0,0,0
4,82,-553.0,53,terminated,0,55,1,0,-553.0,0,0,0,0,1,0,1,1,0,0,1,1,0,0,1,1,0,0,0,0,0,0,0,0,0,0,0,0,0,0
4,83,-529.0,29,terminated,0,55,1,0,-529.0,0,0,0,0,1,0,1,1,0,0,1,1,0,0,1,1,0,0,0,0,0,0,0,0,0,0,0,0,0,0
4,84,-644.0,144,terminated,0,55,1,0,-644.0,0,0,0,0,1,0,1,1,0,0,1,1,0,0,1,1,0,0,0,0,0,0,0,0,0,0,0,0,0,0
4,85,-524.0,24,terminated,0,55,1,0,-524.0,0,0,0,0,1,0,1,1,0,0,1,1,0,0,1,1,0,0,0,0,0,0,0,0,0,0,0,0,0,0
4,86,-599.0,99,terminated,0,55,1,0,-599.0,0,0,0,0,1,0,1,1,0,0,1,1,0,0,1,1,0,0,0,0,0,0,0,0,0,0,0,0,0,0
4,87,-611.0,111,terminated,0,55,1,0,-611.0,0,0,0,0,1,0,1,1,0,0,1,1,0,0,1,1,0,0,0,0,0,0,0,0,0,0,0,0,0,0
4,88,-524.0,24,terminated,0,55,1,0,-524.0,0,0,0,0,1,0,1,1,0,0,1,1,0,0,1,1,0,0,0,0,0,0,0,0,0,0,0,0,0,0
4,89,-604.0,104,terminated,0,55,1,0,-604.0,0,0,0,0,1,0,1,1,0,0,1,1,0,0,1,1,0,0,0,0,0,0,0,0,0,0,0,0,0,0
4,90,-561.0,61,terminated,0,55,1,0,-561.0,0,0,0,0,1,0,1,1,0,0,1,1,0,0,1,1,0,0,0,0,0,0,0,0,0,0,0,0,0,0
4,91,-594.0,94,terminated,0,55,1,0,-594.0,0,0,0,0,1,0,1,1,0,0,1,1,0,0,1,1,0,0,0,0,0,0,0,0,0,0,0,0,0,0
4,92,-545.0,45,terminated,0,55,1,0,-545.0,0,0,0,0,1,0,1,1,0,0,1,1,0,0,1,1,0,0,0,0,0,0,0,0,0,0,0,0,0,0
4,93,-545.0,45,terminated,0,55,1,0,-545.0,0,0,0,0,1,0,1,1,0,0,1,1,0,0,1,1,0,0,0,0,0,0,0,0,0,0,0,0,0,0
4,94,-529.0,29,terminated,0,55,1,0,-529.0,0,0,0,0,1,0,1,1,0,0,1,1,0,0,1,1,0,0,0,0,0,0,0,0,0,0,0,0,0,0
4,95,-534.0,34,terminated,0,55,1,0,-534.0,0,0,0,0,1,0,1,1,0,0,1,1,0,0,1,1,0,0,0,0,0,0,0,0,0,0,0,0,0,0
4,96,-538.0,38,terminated,0,55,1,0,-538.0,0,0,0,0,1,0,1,1,0,0,1,1,0,0,1,1,0,0,0,0,0,0,0,0,0,0,0,0,0,0
4,97,-544.0,44,terminated,0,55,1,0,-544.0,0,0,0,0,1,0,1,1,0,0,1,1,0,0,1,1,0,0,0,0,0,0,0,0,0,0,0,0,0,0
4,98,-517.0,17,terminated,0,55,1,0,-517.0,0,0,0,0,1,0,1,1,0,0,1,1,0,0,1,1,0,0,0,0,0,0,0,0,0,0,0,0,0,0
4,99,-523.0,23,terminated,0,55,1,0,-523.0,0,0,0,0,1,0,1,1,0,0,1,1,0,0,1,1,0,0,0,0,0,0,0,0,0,0,0,0,0,0
4,100,-531.0,31,terminated,0,55,1,0,-531.0,0,0,0,0,1,0,1,1,0,0,1,1,0,0,1,1,0,0,0,0,0,0,0,0,0,0,0,0,0,0
4,101,-535.0,35,terminated,0,55,1,0,-535.0,0,0,0,0,1,0,1,1,0,0,1,1,0,0,1,1,0,0,0,0,0,0,0,0,0,0,0,0,0,0
4,102,-514.0,14,terminated,0,55,1,0,-514.0,0,0,0,0,1,0,1,1,0,0,1,1,0,0,1,1,0,0,0,0,0,0,0,0,0,0,0,0,0,0
4,103,-533.0,33,terminated,0,55,1,0,-533.0,0,0,0,0,1,0,1,1,0,0,1,1,0,0,1,1,0,0,0,0,0,0,0,0,0,0,0,0,0,0
4,104,-642.0,142,terminated,0,55,1,0,-642.0,0,0,0,0,1,0,1,1,0,0,1,1,0,0,1,1,0,0,0,0,0,0,0,0,0,0,0,0,0,0
4,105,-551.0,51,terminated,0,55,1,0,-551.0,0,0,0,0,1,0,1,1,0,0,1,1,0,0,1,1,0,0,0,0,0,0,0,0,0,0,0,0,0,0
4,106,-522.0,22,terminated,0,55,1,0,-522.0,0,0,0,0,1,0,1,1,0,0,1,1,0,0,1,1,0,0,0,0,0,0,0,0,0,0,0,0,0,0
4,107,-575.0,75,terminated,0,55,1,0,-575.0,0,0,0,0,1,0,1,1,0,0,1,1,0,0,1,1,0,0,0,0,0,0,0,0,0,0,0,0,0,0
4,108,-533.0,33,terminated,0,55,1,0,-533.0,0,0,0,0,1,0,1,1,0,0,1,1,0,0,1,1,0,0,0,0,0,0,0,0,0,0,0,0,0,0
4,109,-573.0,73,terminated,0,55,1,0,-573.0,0,0,0,0,1,0,1,1,0,0,1,1,0,0,1,1,0,0,0,0,0,0,0,0,0,0,0,0,0,0
4,110,-533.0,33,terminated,0,55,1,0,-533.0,0,0,0,0,1,0,1,1,0,0,1,1,0,0,1,1,0,0,0,0,0,0,0,0,0,0,0,0,0,0
4,111,-559.0,59,terminated,0,55,1,0,-559.0,0,0,0,0,1,0,1,1,0,0,1,1,0,0,1,1,0,0,0,0,0,0,0,0,0,0,0,0,0,0
4,112,-522.0,22,terminated,0,55,1,0,-522.0,0,0,0,0,1,0,1,1,0,0,1,1,0,0,1,1,0,0,0,0,0,0,0,0,0,0,0,0,0,0
4,113,-567.0,67,terminated,0,55,1,0,-567.0,0,0,0,0,1,0,1,1,0,0,1,1,0,0,1,1,0,0,0,0,0,0,0,0,0,0,0,0,0,0
4,114,-665.0,165,terminated,0,55,1,0,-665.0,0,0,0,0,1,0,1,1,0,0,1,1,0,0,1,1,0,0,0,0,0,0,0,0,0,0,0,0,0,0
4,115,-541.0,41,terminated,0,55,1,0,-541.0,0,0,0,0,1,0,1,1,0,0,1,1,0,0,1,1,0,0,0,0,0,0,0,0,0,0,0,0,0,0
4,116,-584.0,84,terminated,0,55,1,0,-584.0,0,0,0,0,1,0,1,1,0,0,1,1,0,0,1,1,0,0,0,0,0,0,0,0,0,0,0,0,0,0
4,117,-528.0,28,terminated,0,55,1,0,-528.0,0,0,0,0,1,0,1,1,0,0,1,1,0,0,1,1,0,0,0,0,0,0,0,0,0,0,0,0,0,0
4,118,-591.0,91,terminated,0,55,1,0,-591.0,0,0,0,0,1,0,1,1,0,0,1,1,0,0,1,1,0,0,0,0,0,0,0,0,0,0,0,0,0,0
4,119,-516.0,16,terminated,0,55,1,0,-516.0,0,0,0,0,1,0,1,1,0,0,1,1,0,0,1,1,0,0,0,0,0,0,0,0,0,0,0,0,0,0
4,120,-562.0,62,terminated,0,55,1,0,-562.0,0,0,0,0,1,0,1,1,0,0,1,1,0,0,1,1,0,0,0,0,0,0,0,0,0,0,0,0,0,0
4,121,-570.0,70,terminated,0,55,1,0,-570.0,0,0,0,0,1,0,1,1,0,0,1,1,0,0,1,1,0,0,0,0,0,0,0,0,0,0,0,0,0,0
4,122,-559.0,59,terminated,0,55,1,0,-559.0,0,0,0,0,1,0,1,1,0,0,1,1,0,0,1,1,0,0,0,0,0,0,0,0,0,0,0,0,0,0
4,123,-533.0,33,terminated,0,55,1,0,-533.0,0,0,0,0,1,0,1,1,0,0,1,1,0,0,1,1,0,0,0,0,0,0,0,0,0,0,0,0,0,0
4,124,-656.0,156,terminated,0,55,1,0,-656.0,0,0,0,0,1,0,1,1,0,0,1,1,0,0,1,1,0,0,0,0,0,0,0,0,0,0,0,0,0,0
4,125,-559.0,59,terminated,0,55,1,0,-559.0,0,0,0,0,1,0,1,1,0,0,1,1,0,0,1,1,0,0,0,0,0,0,0,0,0,0,0,0,0,0
4,126,-636.0,136,terminated,0,55,1,0,-636.0,0,0,0,0,1,0,1,1,0,0,1,1,0,0,1,1,0,0,0,0,0,0,0,0,0,0,0,0,0,0
4,127,-531.0,31,terminated,0,55,1,0,-531.0,0,0,0,0,1,0,1,1,0,0,1,1,0,0,1,1,0,0,0,0,0,0,0,0,0,0,0,0,0,0
4,128,-553.0,53,terminated,0,55,1,0,-553.0,0,0,0,0,1,0,1,1,0,0,1,1,0,0,1,1,0,0,0,0,0,0,0,0,0,0,0,0,0,0
4,129,-541.0,41,terminated,0,55,1,0,-541.0,0,0,0,0,1,0,1,1,0,0,1,1,0,0,1,1,0,0,0,0,0,0,0,0,0,0,0,0,0,0
4,130,-545.0,45,terminated,0,55,1,0,-545.0,0,0,0,0,1,0,1,1,0,0,1,1,0,0,1,1,0,0,0,0,0,0,0,0,0,0,0,0,0,0
4,131,-300.0,300,truncated,0,55,0,0,-300.0,0,0,0,0,0,0,0,0,0,0,0,0,0,0,0,0,0,0,0,0,0,0,0,0,0,0,0,0,0,0
4,132,-538.0,38,terminated,0,55,1,0,-538.0,0,0,0,0,1,0,1,1,0,0,1,1,0,0,1,1,0,0,0,0,0,0,0,0,0,0,0,0,0,0
4,133,-532.0,32,terminated,0,55,1,0,-532.0,0,0,0,0,1,0,1,1,0,0,1,1,0,0,1,1,0,0,0,0,0,0,0,0,0,0,0,0,0,0
4,134,-715.0,215,terminated,0,55,1,0,-715.0,0,0,0,0,1,0,1,1,0,0,1,1,0,0,1,1,0,0,0,0,0,0,0,0,0,0,0,0,0,0
4,135,-532.0,32,terminated,0,55,1,0,-532.0,0,0,0,0,1,0,1,1,0,0,1,1,0,0,1,1,0,0,0,0,0,0,0,0,0,0,0,0,0,0
4,136,-532.0,32,terminated,0,55,1,0,-532.0,0,0,0,0,1,0,1,1,0,0,1,1,0,0,1,1,0,0,0,0,0,0,0,0,0,0,0,0,0,0
4,137,-572.0,72,terminated,0,55,1,0,-572.0,0,0,0,0,1,0,1,1,0,0,1,1,0,0,1,1,0,0,0,0,0,0,0,0,0,0,0,0,0,0
4,138,-547.0,47,terminated,0,55,1,0,-547.0,0,0,0,0,1,0,1,1,0,0,1,1,0,0,1,1,0,0,0,0,0,0,0,0,0,0,0,0,0,0
4,139,-531.0,31,terminated,0,55,1,0,-531.0,0,0,0,0,1,0,1,1,0,0,1,1,0,0,1,1,0,0,0,0,0,0,0,0,0,0,0,0,0,0
4,140,-542.0,42,terminated,0,55,1,0,-542.0,0,0,0,0,1,0,1,1,0,0,1,1,0,0,1,1,0,0,0,0,0,0,0,0,0,0,0,0,0,0
4,141,-637.0,137,terminated,0,55,1,0,-637.0,0,0,0,0,1,0,1,1,0,0,1,1,0,0,1,1,0,0,0,0,0,0,0,0,0,0,0,0,0,0
4,142,-524.0,24,terminated,0,55,1,0,-524.0,0,0,0,0,1,0,1,1,0,0,1,1,0,0,1,1,0,0,0,0,0,0,0,0,0,0,0,0,0,0
4,143,-559.0,59,terminated,0,55,1,0,-559.0,0,0,0,0,1,0,1,1,0,0,1,1,0,0,1,1,0,0,0,0,0,0,0,0,0,0,0,0,0,0
4,144,-513.0,13,terminated,0,55,1,0,-513.0,0,0,0,0,1,0,1,1,0,0,1,1,0,0,1,1,0,0,0,0,0,0,0,0,0,0,0,0,0,0
4,145,-515.0,15,terminated,0,55,1,0,-515.0,0,0,0,0,1,0,1,1,0,0,1,1,0,0,1,1,0,0,0,0,0,0,0,0,0,0,0,0,0,0
4,146,-532.0,32,terminated,0,55,1,0,-532.0,0,0,0,0,1,0,1,1,0,0,1,1,0,0,1,1,0,0,0,0,0,0,0,0,0,0,0,0,0,0
4,147,-525.0,25,terminated,0,55,1,0,-525.0,0,0,0,0,1,0,1,1,0,0,1,1,0,0,1,1,0,0,0,0,0,0,0,0,0,0,0,0,0,0
4,148,-530.0,30,terminated,0,55,1,0,-530.0,0,0,0,0,1,0,1,1,0,0,1,1,0,0,1,1,0,0,0,0,0,0,0,0,0,0,0,0,0,0
4,149,-538.0,38,terminated,0,55,1,0,-538.0,0,0,0,0,1,0,1,1,0,0,1,1,0,0,1,1,0,0,0,0,0,0,0,0,0,0,0,0,0,0
4,150,-527.0,27,terminated,0,55,1,0,-527.0,0,0,0,0,1,0,1,1,0,0,1,1,0,0,1,1,0,0,0,0,0,0,0,0,0,0,0,0,0,0
4,151,-659.0,159,terminated,0,55,1,0,-659.0,0,0,0,0,1,0,1,1,0,0,1,1,0,0,1,1,0,0,0,0,0,0,0,0,0,0,0,0,0,0
4,152,-556.0,56,terminated,0,55,1,0,-556.0,0,0,0,0,1,0,1,1,0,0,1,1,0,0,1,1,0,0,0,0,0,0,0,0,0,0,0,0,0,0
4,153,-627.0,127,terminated,0,55,1,0,-627.0,0,0,0,0,1,0,1,1,0,0,1,1,0,0,1,1,0,0,0,0,0,0,0,0,0,0,0,0,0,0
4,154,-517.0,17,terminated,0,55,1,0,-517.0,0,0,0,0,1,0,1,1,0,0,1,1,0,0,1,1,0,0,0,0,0,0,0,0,0,0,0,0,0,0
4,155,-546.0,46,terminated,0,55,1,0,-546.0,0,0,0,0,1,0,1,1,0,0,1,1,0,0,1,1,0,0,0,0,0,0,0,0,0,0,0,0,0,0
4,156,-604.0,104,terminated,0,55,1,0,-604.0,0,0,0,0,1,0,1,1,0,0,1,1,0,0,1,1,0,0,0,0,0,0,0,0,0,0,0,0,0,0
4,157,-611.0,111,terminated,0,55,1,0,-611.0,0,0,0,0,1,0,1,1,0,0,1,1,0,0,1,1,0,0,0,0,0,0,0,0,0,0,0,0,0,0
4,158,-551.0,51,terminated,0,55,1,0,-551.0,0,0,0,0,1,0,1,1,0,0,1,1,0,0,1,1,0,0,0,0,0,0,0,0,0,0,0,0,0,0
4,159,-520.0,20,terminated,0,55,1,0,-520.0,0,0,0,0,1,0,1,1,0,0,1,1,0,0,1,1,0,0,0,0,0,0,0,0,0,0,0,0,0,0
4,160,-564.0,64,terminated,0,55,1,0,-564.0,0,0,0,0,1,0,1,1,0,0,1,1,0,0,1,1,0,0,0,0,0,0,0,0,0,0,0,0,0,0
4,161,-522.0,22,terminated,0,55,1,0,-522.0,0,0,0,0,1,0,1,1,0,0,1,1,0,0,1,1,0,0,0,0,0,0,0,0,0,0,0,0,0,0
4,162,-526.0,26,terminated,0,55,1,0,-526.0,0,0,0,0,1,0,1,1,0,0,1,1,0,0,1,1,0,0,0,0,0,0,0,0,0,0,0,0,0,0
4,163,-602.0,102,terminated,0,55,1,0,-602.0,0,0,0,0,1,0,1,1,0,0,1,1,0,0,1,1,0,0,0,0,0,0,0,0,0,0,0,0,0,0
4,164,-527.0,27,terminated,0,55,1,0,-527.0,0,0,0,0,1,0,1,1,0,0,1,1,0,0,1,1,0,0,0,0,0,0,0,0,0,0,0,0,0,0
4,165,-524.0,24,terminated,0,55,1,0,-524.0,0,0,0,0,1,0,1,1,0,0,1,1,0,0,1,1,0,0,0,0,0,0,0,0,0,0,0,0,0,0
4,166,-551.0,51,terminated,0,55,1,0,-551.0,0,0,0,0,1,0,1,1,0,0,1,1,0,0,1,1,0,0,0,0,0,0,0,0,0,0,0,0,0,0
4,167,-531.0,31,terminated,0,55,1,0,-531.0,0,0,0,0,1,0,1,1,0,0,1,1,0,0,1,1,0,0,0,0,0,0,0,0,0,0,0,0,0,0
4,168,-701.0,201,terminated,0,55,1,0,-701.0,0,0,0,0,1,0,1,1,0,0,1,1,0,0,1,1,0,0,0,0,0,0,0,0,0,0,0,0,0,0
4,169,-549.0,49,terminated,0,55,1,0,-549.0,0,0,0,0,1,0,1,1,0,0,1,1,0,0,1,1,0,0,0,0,0,0,0,0,0,0,0,0,0,0
4,170,-585.0,85,terminated,0,55,1,0,-585.0,0,0,0,0,1,0,1,1,0,0,1,1,0,0,1,1,0,0,0,0,0,0,0,0,0,0,0,0,0,0
4,171,-531.0,31,terminated,0,55,1,0,-531.0,0,0,0,0,1,0,1,1,0,0,1,1,0,0,1,1,0,0,0,0,0,0,0,0,0,0,0,0,0,0
4,172,-534.0,34,terminated,0,55,1,0,-534.0,0,0,0,0,1,0,1,1,0,0,1,1,0,0,1,1,0,0,0,0,0,0,0,0,0,0,0,0,0,0
4,173,-630.0,130,terminated,0,55,1,0,-630.0,0,0,0,0,1,0,1,1,0,0,1,1,0,0,1,1,0,0,0,0,0,0,0,0,0,0,0,0,0,0
4,174,-571.0,71,terminated,0,55,1,0,-571.0,0,0,0,0,1,0,1,1,0,0,1,1,0,0,1,1,0,0,0,0,0,0,0,0,0,0,0,0,0,0
4,175,-546.0,46,terminated,0,55,1,0,-546.0,0,0,0,0,1,0,1,1,0,0,1,1,0,0,1,1,0,0,0,0,0,0,0,0,0,0,0,0,0,0
4,176,-525.0,25,terminated,0,55,1,0,-525.0,0,0,0,0,1,0,1,1,0,0,1,1,0,0,1,1,0,0,0,0,0,0,0,0,0,0,0,0,0,0
4,177,-627.0,127,terminated,0,55,1,0,-627.0,0,0,0,0,1,0,1,1,0,0,1,1,0,0,1,1,0,0,0,0,0,0,0,0,0,0,0,0,0,0
4,178,-521.0,21,terminated,0,55,1,0,-521.0,0,0,0,0,1,0,1,1,0,0,1,1,0,0,1,1,0,0,0,0,0,0,0,0,0,0,0,0,0,0
4,179,-525.0,25,terminated,0,55,1,0,-525.0,0,0,0,0,1,0,1,1,0,0,1,1,0,0,1,1,0,0,0,0,0,0,0,0,0,0,0,0,0,0
4,180,-536.0,36,terminated,0,55,1,0,-536.0,0,0,0,0,1,0,1,1,0,0,1,1,0,0,1,1,0,0,0,0,0,0,0,0,0,0,0,0,0,0
4,181,-555.0,55,terminated,0,55,1,0,-555.0,0,0,0,0,1,0,1,1,0,0,1,1,0,0,1,1,0,0,0,0,0,0,0,0,0,0,0,0,0,0
4,182,-590.0,90,terminated,0,55,1,0,-590.0,0,0,0,0,1,0,1,1,0,0,1,1,0,0,1,1,0,0,0,0,0,0,0,0,0,0,0,0,0,0
4,183,-626.0,126,terminated,0,55,1,0,-626.0,0,0,0,0,1,0,1,1,0,0,1,1,0,0,1,1,0,0,0,0,0,0,0,0,0,0,0,0,0,0
4,184,-517.0,17,terminated,0,55,1,0,-517.0,0,0,0,0,1,0,1,1,0,0,1,1,0,0,1,1,0,0,0,0,0,0,0,0,0,0,0,0,0,0
4,185,-528.0,28,terminated,0,55,1,0,-528.0,0,0,0,0,1,0,1,1,0,0,1,1,0,0,1,1,0,0,0,0,0,0,0,0,0,0,0,0,0,0
4,186,-548.0,48,terminated,0,55,1,0,-548.0,0,0,0,0,1,0,1,1,0,0,1,1,0,0,1,1,0,0,0,0,0,0,0,0,0,0,0,0,0,0
4,187,-564.0,64,terminated,0,55,1,0,-564.0,0,0,0,0,1,0,1,1,0,0,1,1,0,0,1,1,0,0,0,0,0,0,0,0,0,0,0,0,0,0
4,188,-571.0,71,terminated,0,55,1,0,-571.0,0,0,0,0,1,0,1,1,0,0,1,1,0,0,1,1,0,0,0,0,0,0,0,0,0,0,0,0,0,0
4,189,-591.0,91,terminated,0,55,1,0,-591.0,0,0,0,0,1,0,1,1,0,0,1,1,0,0,1,1,0,0,0,0,0,0,0,0,0,0,0,0,0,0
4,190,-558.0,58,terminated,0,55,1,0,-558.0,0,0,0,0,1,0,1,1,0,0,1,1,0,0,1,1,0,0,0,0,0,0,0,0,0,0,0,0,0,0
4,191,-583.0,83,terminated,0,55,1,0,-583.0,0,0,0,0,1,0,1,1,0,0,1,1,0,0,1,1,0,0,0,0,0,0,0,0,0,0,0,0,0,0
4,192,-547.0,47,terminated,0,55,1,0,-547.0,0,0,0,0,1,0,1,1,0,0,1,1,0,0,1,1,0,0,0,0,0,0,0,0,0,0,0,0,0,0
4,193,-538.0,38,terminated,0,55,1,0,-538.0,0,0,0,0,1,0,1,1,0,0,1,1,0,0,1,1,0,0,0,0,0,0,0,0,0,0,0,0,0,0
4,194,-588.0,88,terminated,0,55,1,0,-588.0,0,0,0,0,1,0,1,1,0,0,1,1,0,0,1,1,0,0,0,0,0,0,0,0,0,0,0,0,0,0
4,195,-524.0,24,terminated,0,55,1,0,-524.0,0,0,0,0,1,0,1,1,0,0,1,1,0,0,1,1,0,0,0,0,0,0,0,0,0,0,0,0,0,0
4,196,-716.0,216,terminated,0,55,1,0,-716.0,0,0,0,0,1,0,1,1,0,0,1,1,0,0,1,1,0,0,0,0,0,0,0,0,0,0,0,0,0,0
4,197,-573.0,73,terminated,0,55,1,0,-573.0,0,0,0,0,1,0,1,1,0,0,1,1,0,0,1,1,0,0,0,0,0,0,0,0,0,0,0,0,0,0
4,198,-522.0,22,terminated,0,55,1,0,-522.0,0,0,0,0,1,0,1,1,0,0,1,1,0,0,1,1,0,0,0,0,0,0,0,0,0,0,0,0,0,0
4,199,-700.0,200,terminated,0,55,1,0,-700.0,0,0,0,0,1,0,1,1,0,0,1,1,0,0,1,1,0,0,0,0,0,0,0,0,0,0,0,0,0,0
4,200,-582.0,82,terminated,0,55,1,0,-582.0,0,0,0,0,1,0,1,1,0,0,1,1,0,0,1,1,0,0,0,0,0,0,0,0,0,0,0,0,0,0
4,201,-551.0,51,terminated,0,55,1,0,-551.0,0,0,0,0,1,0,1,1,0,0,1,1,0,0,1,1,0,0,0,0,0,0,0,0,0,0,0,0,0,0
4,202,-600.0,100,terminated,0,55,1,0,-600.0,0,0,0,0,1,0,1,1,0,0,1,1,0,0,1,1,0,0,0,0,0,0,0,0,0,0,0,0,0,0
4,203,-557.0,57,terminated,0,55,1,0,-557.0,0,0,0,0,1,0,1,1,0,0,1,1,0,0,1,1,0,0,0,0,0,0,0,0,0,0,0,0,0,0
4,204,-574.0,74,terminated,0,55,1,0,-574.0,0,0,0,0,1,0,1,1,0,0,1,1,0,0,1,1,0,0,0,0,0,0,0,0,0,0,0,0,0,0
4,205,-594.0,94,terminated,0,55,1,0,-594.0,0,0,0,0,1,0,1,1,0,0,1,1,0,0,1,1,0,0,0,0,0,0,0,0,0,0,0,0,0,0
4,206,-557.0,57,terminated,0,55,1,0,-557.0,0,0,0,0,1,0,1,1,0,0,1,1,0,0,1,1,0,0,0,0,0,0,0,0,0,0,0,0,0,0
4,207,-579.0,79,terminated,0,55,1,0,-579.0,0,0,0,0,1,0,1,1,0,0,1,1,0,0,1,1,0,0,0,0,0,0,0,0,0,0,0,0,0,0
4,208,-568.0,68,terminated,0,55,1,0,-568.0,0,0,0,0,1,0,1,1,0,0,1,1,0,0,1,1,0,0,0,0,0,0,0,0,0,0,0,0,0,0
4,209,-547.0,47,terminated,0,55,1,0,-547.0,0,0,0,0,1,0,1,1,0,0,1,1,0,0,1,1,0,0,0,0,0,0,0,0,0,0,0,0,0,0
4,210,-537.0,37,terminated,0,55,1,0,-537.0,0,0,0,0,1,0,1,1,0,0,1,1,0,0,1,1,0,0,0,0,0,0,0,0,0,0,0,0,0,0
4,211,-606.0,106,terminated,0,55,1,0,-606.0,0,0,0,0,1,0,1,1,0,0,1,1,0,0,1,1,0,0,0,0,0,0,0,0,0,0,0,0,0,0
4,212,-525.0,25,terminated,0,55,1,0,-525.0,0,0,0,0,1,0,1,1,0,0,1,1,0,0,1,1,0,0,0,0,0,0,0,0,0,0,0,0,0,0
4,213,-537.0,37,terminated,0,55,1,0,-537.0,0,0,0,0,1,0,1,1,0,0,1,1,0,0,1,1,0,0,0,0,0,0,0,0,0,0,0,0,0,0
4,214,-548.0,48,terminated,0,55,1,0,-548.0,0,0,0,0,1,0,1,1,0,0,1,1,0,0,1,1,0,0,0,0,0,0,0,0,0,0,0,0,0,0
4,215,-638.0,138,terminated,0,55,1,0,-638.0,0,0,0,0,1,0,1,1,0,0,1,1,0,0,1,1,0,0,0,0,0,0,0,0,0,0,0,0,0,0
4,216,-515.0,15,terminated,0,55,1,0,-515.0,0,0,0,0,1,0,1,1,0,0,1,1,0,0,1,1,0,0,0,0,0,0,0,0,0,0,0,0,0,0
4,217,-518.0,18,terminated,0,55,1,0,-518.0,0,0,0,0,1,0,1,1,0,0,1,1,0,0,1,1,0,0,0,0,0,0,0,0,0,0,0,0,0,0
4,218,-619.0,119,terminated,0,55,1,0,-619.0,0,0,0,0,1,0,1,1,0,0,1,1,0,0,1,1,0,0,0,0,0,0,0,0,0,0,0,0,0,0
4,219,-572.0,72,terminated,0,55,1,0,-572.0,0,0,0,0,1,0,1,1,0,0,1,1,0,0,1,1,0,0,0,0,0,0,0,0,0,0,0,0,0,0
4,220,-532.0,32,terminated,0,55,1,0,-532.0,0,0,0,0,1,0,1,1,0,0,1,1,0,0,1,1,0,0,0,0,0,0,0,0,0,0,0,0,0,0
4,221,-528.0,28,terminated,0,55,1,0,-528.0,0,0,0,0,1,0,1,1,0,0,1,1,0,0,1,1,0,0,0,0,0,0,0,0,0,0,0,0,0,0
4,222,-576.0,76,terminated,0,55,1,0,-576.0,0,0,0,0,1,0,1,1,0,0,1,1,0,0,1,1,0,0,0,0,0,0,0,0,0,0,0,0,0,0
4,223,-553.0,53,terminated,0,55,1,0,-553.0,0,0,0,0,1,0,1,1,0,0,1,1,0,0,1,1,0,0,0,0,0,0,0,0,0,0,0,0,0,0
4,224,-722.0,222,terminated,0,55,1,0,-722.0,0,0,0,0,1,0,1,1,0,0,1,1,0,0,1,1,0,0,0,0,0,0,0,0,0,0,0,0,0,0
4,225,-536.0,36,terminated,0,55,1,0,-536.0,0,0,0,0,1,0,1,1,0,0,1,1,0,0,1,1,0,0,0,0,0,0,0,0,0,0,0,0,0,0
4,226,-538.0,38,terminated,0,55,1,0,-538.0,0,0,0,0,1,0,1,1,0,0,1,1,0,0,1,1,0,0,0,0,0,0,0,0,0,0,0,0,0,0
4,227,-561.0,61,terminated,0,55,1,0,-561.0,0,0,0,0,1,0,1,1,0,0,1,1,0,0,1,1,0,0,0,0,0,0,0,0,0,0,0,0,0,0
4,228,-636.0,136,terminated,0,55,1,0,-636.0,0,0,0,0,1,0,1,1,0,0,1,1,0,0,1,1,0,0,0,0,0,0,0,0,0,0,0,0,0,0
4,229,-521.0,21,terminated,0,55,1,0,-521.0,0,0,0,0,1,0,1,1,0,0,1,1,0,0,1,1,0,0,0,0,0,0,0,0,0,0,0,0,0,0
4,230,-570.0,70,terminated,0,55,1,0,-570.0,0,0,0,0,1,0,1,1,0,0,1,1,0,0,1,1,0,0,0,0,0,0,0,0,0,0,0,0,0,0
4,231,-612.0,112,terminated,0,55,1,0,-612.0,0,0,0,0,1,0,1,1,0,0,1,1,0,0,1,1,0,0,0,0,0,0,0,0,0,0,0,0,0,0
4,232,-587.0,87,terminated,0,55,1,0,-587.0,0,0,0,0,1,0,1,1,0,0,1,1,0,0,1,1,0,0,0,0,0,0,0,0,0,0,0,0,0,0
4,233,-526.0,26,terminated,0,55,1,0,-526.0,0,0,0,0,1,0,1,1,0,0,1,1,0,0,1,1,0,0,0,0,0,0,0,0,0,0,0,0,0,0
4,234,-568.0,68,terminated,0,55,1,0,-568.0,0,0,0,0,1,0,1,1,0,0,1,1,0,0,1,1,0,0,0,0,0,0,0,0,0,0,0,0,0,0
4,235,-565.0,65,terminated,0,55,1,0,-565.0,0,0,0,0,1,0,1,1,0,0,1,1,0,0,1,1,0,0,0,0,0,0,0,0,0,0,0,0,0,0
4,236,-559.0,59,terminated,0,55,1,0,-559.0,0,0,0,0,1,0,1,1,0,0,1,1,0,0,1,1,0,0,0,0,0,0,0,0,0,0,0,0,0,0
4,237,-596.0,96,terminated,0,55,1,0,-596.0,0,0,0,0,1,0,1,1,0,0,1,1,0,0,1,1,0,0,0,0,0,0,0,0,0,0,0,0,0,0
4,238,-624.0,124,terminated,0,55,1,0,-624.0,0,0,0,0,1,0,1,1,0,0,1,1,0,0,1,1,0,0,0,0,0,0,0,0,0,0,0,0,0,0
4,239,-615.0,115,terminated,0,55,1,0,-615.0,0,0,0,0,1,0,1,1,0,0,1,1,0,0,1,1,0,0,0,0,0,0,0,0,0,0,0,0,0,0
4,240,-663.0,163,terminated,0,55,1,0,-663.0,0,0,0,0,1,0,1,1,0,0,1,1,0,0,1,1,0,0,0,0,0,0,0,0,0,0,0,0,0,0
4,241,-532.0,32,terminated,0,55,1,0,-532.0,0,0,0,0,1,0,1,1,0,0,1,1,0,0,1,1,0,0,0,0,0,0,0,0,0,0,0,0,0,0
4,242,-553.0,53,terminated,0,55,1,0,-553.0,0,0,0,0,1,0,1,1,0,0,1,1,0,0,1,1,0,0,0,0,0,0,0,0,0,0,0,0,0,0
4,243,-523.0,23,terminated,0,55,1,0,-523.0,0,0,0,0,1,0,1,1,0,0,1,1,0,0,1,1,0,0,0,0,0,0,0,0,0,0,0,0,0,0
4,244,-577.0,77,terminated,0,55,1,0,-577.0,0,0,0,0,1,0,1,1,0,0,1,1,0,0,1,1,0,0,0,0,0,0,0,0,0,0,0,0,0,0
4,245,-620.0,120,terminated,0,55,1,0,-620.0,0,0,0,0,1,0,1,1,0,0,1,1,0,0,1,1,0,0,0,0,0,0,0,0,0,0,0,0,0,0
4,246,-541.0,41,terminated,0,55,1,0,-541.0,0,0,0,0,1,0,1,1,0,0,1,1,0,0,1,1,0,0,0,0,0,0,0,0,0,0,0,0,0,0
4,247,-557.0,57,terminated,0,55,1,0,-557.0,0,0,0,0,1,0,1,1,0,0,1,1,0,0,1,1,0,0,0,0,0,0,0,0,0,0,0,0,0,0
4,248,-587.0,87,terminated,0,55,1,0,-587.0,0,0,0,0,1,0,1,1,0,0,1,1,0,0,1,1,0,0,0,0,0,0,0,0,0,0,0,0,0,0
4,249,-556.0,56,terminated,0,55,1,0,-556.0,0,0,0,0,1,0,1,1,0,0,1,1,0,0,1,1,0,0,0,0,0,0,0,0,0,0,0,0,0,0
4,250,-573.0,73,terminated,0,55,1,0,-573.0,0,0,0,0,1,0,1,1,0,0,1,1,0,0,1,1,0,0,0,0,0,0,0,0,0,0,0,0,0,0
4,251,-597.0,97,terminated,0,55,1,0,-597.0,0,0,0,0,1,0,1,1,0,0,1,1,0,0,1,1,0,0,0,0,0,0,0,0,0,0,0,0,0,0
4,252,-524.0,24,terminated,0,55,1,0,-524.0,0,0,0,0,1,0,1,1,0,0,1,1,0,0,1,1,0,0,0,0,0,0,0,0,0,0,0,0,0,0
4,253,-523.0,23,terminated,0,55,1,0,-523.0,0,0,0,0,1,0,1,1,0,0,1,1,0,0,1,1,0,0,0,0,0,0,0,0,0,0,0,0,0,0
4,254,-660.0,160,terminated,0,55,1,0,-660.0,0,0,0,0,1,0,1,1,0,0,1,1,0,0,1,1,0,0,0,0,0,0,0,0,0,0,0,0,0,0
4,255,-570.0,70,terminated,0,55,1,0,-570.0,0,0,0,0,1,0,1,1,0,0,1,1,0,0,1,1,0,0,0,0,0,0,0,0,0,0,0,0,0,0
4,256,-584.0,84,terminated,0,55,1,0,-584.0,0,0,0,0,1,0,1,1,0,0,1,1,0,0,1,1,0,0,0,0,0,0,0,0,0,0,0,0,0,0
4,257,-535.0,35,terminated,0,55,1,0,-535.0,0,0,0,0,1,0,1,1,0,0,1,1,0,0,1,1,0,0,0,0,0,0,0,0,0,0,0,0,0,0
4,258,-532.0,32,terminated,0,55,1,0,-532.0,0,0,0,0,1,0,1,1,0,0,1,1,0,0,1,1,0,0,0,0,0,0,0,0,0,0,0,0,0,0
4,259,-557.0,57,terminated,0,55,1,0,-557.0,0,0,0,0,1,0,1,1,0,0,1,1,0,0,1,1,0,0,0,0,0,0,0,0,0,0,0,0,0,0
4,260,-520.0,20,terminated,0,55,1,0,-520.0,0,0,0,0,1,0,1,1,0,0,1,1,0,0,1,1,0,0,0,0,0,0,0,0,0,0,0,0,0,0
4,261,-550.0,50,terminated,0,55,1,0,-550.0,0,0,0,0,1,0,1,1,0,0,1,1,0,0,1,1,0,0,0,0,0,0,0,0,0,0,0,0,0,0
4,262,-671.0,171,terminated,0,55,1,0,-671.0,0,0,0,0,1,0,1,1,0,0,1,1,0,0,1,1,0,0,0,0,0,0,0,0,0,0,0,0,0,0
4,263,-565.0,65,terminated,0,55,1,0,-565.0,0,0,0,0,1,0,1,1,0,0,1,1,0,0,1,1,0,0,0,0,0,0,0,0,0,0,0,0,0,0
4,264,-563.0,63,terminated,0,55,1,0,-563.0,0,0,0,0,1,0,1,1,0,0,1,1,0,0,1,1,0,0,0,0,0,0,0,0,0,0,0,0,0,0
4,265,-666.0,166,terminated,0,55,1,0,-666.0,0,0,0,0,1,0,1,1,0,0,1,1,0,0,1,1,0,0,0,0,0,0,0,0,0,0,0,0,0,0
4,266,-523.0,23,terminated,0,55,1,0,-523.0,0,0,0,0,1,0,1,1,0,0,1,1,0,0,1,1,0,0,0,0,0,0,0,0,0,0,0,0,0,0
4,267,-624.0,124,terminated,0,55,1,0,-624.0,0,0,0,0,1,0,1,1,0,0,1,1,0,0,1,1,0,0,0,0,0,0,0,0,0,0,0,0,0,0
4,268,-548.0,48,terminated,0,55,1,0,-548.0,0,0,0,0,1,0,1,1,0,0,1,1,0,0,1,1,0,0,0,0,0,0,0,0,0,0,0,0,0,0
4,269,-731.0,231,terminated,0,55,1,0,-731.0,0,0,0,0,1,0,1,1,0,0,1,1,0,0,1,1,0,0,0,0,0,0,0,0,0,0,0,0,0,0
4,270,-551.0,51,terminated,0,55,1,0,-551.0,0,0,0,0,1,0,1,1,0,0,1,1,0,0,1,1,0,0,0,0,0,0,0,0,0,0,0,0,0,0
4,271,-591.0,91,terminated,0,55,1,0,-591.0,0,0,0,0,1,0,1,1,0,0,1,1,0,0,1,1,0,0,0,0,0,0,0,0,0,0,0,0,0,0
4,272,-528.0,28,terminated,0,55,1,0,-528.0,0,0,0,0,1,0,1,1,0,0,1,1,0,0,1,1,0,0,0,0,0,0,0,0,0,0,0,0,0,0
4,273,-605.0,105,terminated,0,55,1,0,-605.0,0,0,0,0,1,0,1,1,0,0,1,1,0,0,1,1,0,0,0,0,0,0,0,0,0,0,0,0,0,0
4,274,-603.0,103,terminated,0,55,1,0,-603.0,0,0,0,0,1,0,1,1,0,0,1,1,0,0,1,1,0,0,0,0,0,0,0,0,0,0,0,0,0,0
4,275,-563.0,63,terminated,0,55,1,0,-563.0,0,0,0,0,1,0,1,1,0,0,1,1,0,0,1,1,0,0,0,0,0,0,0,0,0,0,0,0,0,0
4,276,-667.0,167,terminated,0,55,1,0,-667.0,0,0,0,0,1,0,1,1,0,0,1,1,0,0,1,1,0,0,0,0,0,0,0,0,0,0,0,0,0,0
4,277,-590.0,90,terminated,0,55,1,0,-590.0,0,0,0,0,1,0,1,1,0,0,1,1,0,0,1,1,0,0,0,0,0,0,0,0,0,0,0,0,0,0
4,278,-565.0,65,terminated,0,55,1,0,-565.0,0,0,0,0,1,0,1,1,0,0,1,1,0,0,1,1,0,0,0,0,0,0,0,0,0,0,0,0,0,0
4,279,-547.0,47,terminated,0,55,1,0,-547.0,0,0,0,0,1,0,1,1,0,0,1,1,0,0,1,1,0,0,0,0,0,0,0,0,0,0,0,0,0,0
4,280,-547.0,47,terminated,0,55,1,0,-547.0,0,0,0,0,1,0,1,1,0,0,1,1,0,0,1,1,0,0,0,0,0,0,0,0,0,0,0,0,0,0
4,281,-555.0,55,terminated,0,55,1,0,-555.0,0,0,0,0,1,0,1,1,0,0,1,1,0,0,1,1,0,0,0,0,0,0,0,0,0,0,0,0,0,0
4,282,-526.0,26,terminated,0,55,1,0,-526.0,0,0,0,0,1,0,1,1,0,0,1,1,0,0,1,1,0,0,0,0,0,0,0,0,0,0,0,0,0,0
4,283,-527.0,27,terminated,0,55,1,0,-527.0,0,0,0,0,1,0,1,1,0,0,1,1,0,0,1,1,0,0,0,0,0,0,0,0,0,0,0,0,0,0
4,284,-547.0,47,terminated,0,55,1,0,-547.0,0,0,0,0,1,0,1,1,0,0,1,1,0,0,1,1,0,0,0,0,0,0,0,0,0,0,0,0,0,0
4,285,-574.0,74,terminated,0,55,1,0,-574.0,0,0,0,0,1,0,1,1,0,0,1,1,0,0,1,1,0,0,0,0,0,0,0,0,0,0,0,0,0,0
4,286,-525.0,25,terminated,0,55,1,0,-525.0,0,0,0,0,1,0,1,1,0,0,1,1,0,0,1,1,0,0,0,0,0,0,0,0,0,0,0,0,0,0
4,287,-537.0,37,terminated,0,55,1,0,-537.0,0,0,0,0,1,0,1,1,0,0,1,1,0,0,1,1,0,0,0,0,0,0,0,0,0,0,0,0,0,0
4,288,-596.0,96,terminated,0,55,1,0,-596.0,0,0,0,0,1,0,1,1,0,0,1,1,0,0,1,1,0,0,0,0,0,0,0,0,0,0,0,0,0,0
4,289,-535.0,35,terminated,0,55,1,0,-535.0,0,0,0,0,1,0,1,1,0,0,1,1,0,0,1,1,0,0,0,0,0,0,0,0,0,0,0,0,0,0
4,290,-527.0,27,terminated,0,55,1,0,-527.0,0,0,0,0,1,0,1,1,0,0,1,1,0,0,1,1,0,0,0,0,0,0,0,0,0,0,0,0,0,0
4,291,-578.0,78,terminated,0,55,1,0,-578.0,0,0,0,0,1,0,1,1,0,0,1,1,0,0,1,1,0,0,0,0,0,0,0,0,0,0,0,0,0,0
4,292,-549.0,49,terminated,0,55,1,0,-549.0,0,0,0,0,1,0,1,1,0,0,1,1,0,0,1,1,0,0,0,0,0,0,0,0,0,0,0,0,0,0
4,293,-527.0,27,terminated,0,55,1,0,-527.0,0,0,0,0,1,0,1,1,0,0,1,1,0,0,1,1,0,0,0,0,0,0,0,0,0,0,0,0,0,0
4,294,-526.0,26,terminated,0,55,1,0,-526.0,0,0,0,0,1,0,1,1,0,0,1,1,0,0,1,1,0,0,0,0,0,0,0,0,0,0,0,0,0,0
4,295,-563.0,63,terminated,0,55,1,0,-563.0,0,0,0,0,1,0,1,1,0,0,1,1,0,0,1,1,0,0,0,0,0,0,0,0,0,0,0,0,0,0
4,296,-513.0,13,terminated,0,55,1,0,-513.0,0,0,0,0,1,0,1,1,0,0,1,1,0,0,1,1,0,0,0,0,0,0,0,0,0,0,0,0,0,0
4,297,-540.0,40,terminated,0,55,1,0,-540.0,0,0,0,0,1,0,1,1,0,0,1,1,0,0,1,1,0,0,0,0,0,0,0,0,0,0,0,0,0,0
4,298,-572.0,72,terminated,0,55,1,0,-572.0,0,0,0,0,1,0,1,1,0,0,1,1,0,0,1,1,0,0,0,0,0,0,0,0,0,0,0,0,0,0
4,299,-522.0,22,terminated,0,55,1,0,-522.0,0,0,0,0,1,0,1,1,0,0,1,1,0,0,1,1,0,0,0,0,0,0,0,0,0,0,0,0,0,0
4,300,-575.0,75,terminated,0,55,1,0,-575.0,0,0,0,0,1,0,1,1,0,0,1,1,0,0,1,1,0,0,0,0,0,0,0,0,0,0,0,0,0,0
4,301,-641.0,141,terminated,0,55,1,0,-641.0,0,0,0,0,1,0,1,1,0,0,1,1,0,0,1,1,0,0,0,0,0,0,0,0,0,0,0,0,0,0
4,302,-530.0,30,terminated,0,55,1,0,-530.0,0,0,0,0,1,0,1,1,0,0,1,1,0,0,1,1,0,0,0,0,0,0,0,0,0,0,0,0,0,0
4,303,-574.0,74,terminated,0,55,1,0,-574.0,0,0,0,0,1,0,1,1,0,0,1,1,0,0,1,1,0,0,0,0,0,0,0,0,0,0,0,0,0,0
4,304,-546.0,46,terminated,0,55,1,0,-546.0,0,0,0,0,1,0,1,1,0,0,1,1,0,0,1,1,0,0,0,0,0,0,0,0,0,0,0,0,0,0
4,305,-573.0,73,terminated,0,55,1,0,-573.0,0,0,0,0,1,0,1,1,0,0,1,1,0,0,1,1,0,0,0,0,0,0,0,0,0,0,0,0,0,0
4,306,-526.0,26,terminated,0,55,1,0,-526.0,0,0,0,0,1,0,1,1,0,0,1,1,0,0,1,1,0,0,0,0,0,0,0,0,0,0,0,0,0,0
4,307,-565.0,65,terminated,0,55,1,0,-565.0,0,0,0,0,1,0,1,1,0,0,1,1,0,0,1,1,0,0,0,0,0,0,0,0,0,0,0,0,0,0
4,308,-538.0,38,terminated,0,55,1,0,-538.0,0,0,0,0,1,0,1,1,0,0,1,1,0,0,1,1,0,0,0,0,0,0,0,0,0,0,0,0,0,0
4,309,-527.0,27,terminated,0,55,1,0,-527.0,0,0,0,0,1,0,1,1,0,0,1,1,0,0,1,1,0,0,0,0,0,0,0,0,0,0,0,0,0,0
4,310,-738.0,238,terminated,0,55,1,0,-738.0,0,0,0,0,1,0,1,1,0,0,1,1,0,0,1,1,0,0,0,0,0,0,0,0,0,0,0,0,0,0
4,311,-632.0,132,terminated,0,55,1,0,-632.0,0,0,0,0,1,0,1,1,0,0,1,1,0,0,1,1,0,0,0,0,0,0,0,0,0,0,0,0,0,0
4,312,-598.0,98,terminated,0,55,1,0,-598.0,0,0,0,0,1,0,1,1,0,0,1,1,0,0,1,1,0,0,0,0,0,0,0,0,0,0,0,0,0,0
4,313,-531.0,31,terminated,0,55,1,0,-531.0,0,0,0,0,1,0,1,1,0,0,1,1,0,0,1,1,0,0,0,0,0,0,0,0,0,0,0,0,0,0
4,314,-581.0,81,terminated,0,55,1,0,-581.0,0,0,0,0,1,0,1,1,0,0,1,1,0,0,1,1,0,0,0,0,0,0,0,0,0,0,0,0,0,0
4,315,-546.0,46,terminated,0,55,1,0,-546.0,0,0,0,0,1,0,1,1,0,0,1,1,0,0,1,1,0,0,0,0,0,0,0,0,0,0,0,0,0,0
4,316,-521.0,21,terminated,0,55,1,0,-521.0,0,0,0,0,1,0,1,1,0,0,1,1,0,0,1,1,0,0,0,0,0,0,0,0,0,0,0,0,0,0
4,317,-550.0,50,terminated,0,55,1,0,-550.0,0,0,0,0,1,0,1,1,0,0,1,1,0,0,1,1,0,0,0,0,0,0,0,0,0,0,0,0,0,0
4,318,-520.0,20,terminated,0,55,1,0,-520.0,0,0,0,0,1,0,1,1,0,0,1,1,0,0,1,1,0,0,0,0,0,0,0,0,0,0,0,0,0,0
4,319,-525.0,25,terminated,0,55,1,0,-525.0,0,0,0,0,1,0,1,1,0,0,1,1,0,0,1,1,0,0,0,0,0,0,0,0,0,0,0,0,0,0
4,320,-518.0,18,terminated,0,55,1,0,-518.0,0,0,0,0,1,0,1,1,0,0,1,1,0,0,1,1,0,0,0,0,0,0,0,0,0,0,0,0,0,0
4,321,-526.0,26,terminated,0,55,1,0,-526.0,0,0,0,0,1,0,1,1,0,0,1,1,0,0,1,1,0,0,0,0,0,0,0,0,0,0,0,0,0,0
4,322,-525.0,25,terminated,0,55,1,0,-525.0,0,0,0,0,1,0,1,1,0,0,1,1,0,0,1,1,0,0,0,0,0,0,0,0,0,0,0,0,0,0
4,323,-549.0,49,terminated,0,55,1,0,-549.0,0,0,0,0,1,0,1,1,0,0,1,1,0,0,1,1,0,0,0,0,0,0,0,0,0,0,0,0,0,0
4,324,-522.0,22,terminated,0,55,1,0,-522.0,0,0,0,0,1,0,1,1,0,0,1,1,0,0,1,1,0,0,0,0,0,0,0,0,0,0,0,0,0,0
4,325,-612.0,112,terminated,0,55,1,0,-612.0,0,0,0,0,1,0,1,1,0,0,1,1,0,0,1,1,0,0,0,0,0,0,0,0,0,0,0,0,0,0
4,326,-550.0,50,terminated,0,55,1,0,-550.0,0,0,0,0,1,0,1,1,0,0,1,1,0,0,1,1,0,0,0,0,0,0,0,0,0,0,0,0,0,0
4,327,-706.0,206,terminated,0,55,1,0,-706.0,0,0,0,0,1,0,1,1,0,0,1,1,0,0,1,1,0,0,0,0,0,0,0,0,0,0,0,0,0,0
4,328,-698.0,198,terminated,0,55,1,0,-698.0,0,0,0,0,1,0,1,1,0,0,1,1,0,0,1,1,0,0,0,0,0,0,0,0,0,0,0,0,0,0
4,329,-588.0,88,terminated,0,55,1,0,-588.0,0,0,0,0,1,0,1,1,0,0,1,1,0,0,1,1,0,0,0,0,0,0,0,0,0,0,0,0,0,0
4,330,-550.0,50,terminated,0,55,1,0,-550.0,0,0,0,0,1,0,1,1,0,0,1,1,0,0,1,1,0,0,0,0,0,0,0,0,0,0,0,0,0,0
4,331,-585.0,85,terminated,0,55,1,0,-585.0,0,0,0,0,1,0,1,1,0,0,1,1,0,0,1,1,0,0,0,0,0,0,0,0,0,0,0,0,0,0
4,332,-517.0,17,terminated,0,55,1,0,-517.0,0,0,0,0,1,0,1,1,0,0,1,1,0,0,1,1,0,0,0,0,0,0,0,0,0,0,0,0,0,0
4,333,-659.0,159,terminated,0,55,1,0,-659.0,0,0,0,0,1,0,1,1,0,0,1,1,0,0,1,1,0,0,0,0,0,0,0,0,0,0,0,0,0,0
4,334,-520.0,20,terminated,0,55,1,0,-520.0,0,0,0,0,1,0,1,1,0,0,1,1,0,0,1,1,0,0,0,0,0,0,0,0,0,0,0,0,0,0
4,335,-525.0,25,terminated,0,55,1,0,-525.0,0,0,0,0,1,0,1,1,0,0,1,1,0,0,1,1,0,0,0,0,0,0,0,0,0,0,0,0,0,0
4,336,-564.0,64,terminated,0,55,1,0,-564.0,0,0,0,0,1,0,1,1,0,0,1,1,0,0,1,1,0,0,0,0,0,0,0,0,0,0,0,0,0,0
4,337,-576.0,76,terminated,0,55,1,0,-576.0,0,0,0,0,1,0,1,1,0,0,1,1,0,0,1,1,0,0,0,0,0,0,0,0,0,0,0,0,0,0
4,338,-574.0,74,terminated,0,55,1,0,-574.0,0,0,0,0,1,0,1,1,0,0,1,1,0,0,1,1,0,0,0,0,0,0,0,0,0,0,0,0,0,0
4,339,-751.0,251,terminated,0,55,1,0,-751.0,0,0,0,0,1,0,1,1,0,0,1,1,0,0,1,1,0,0,0,0,0,0,0,0,0,0,0,0,0,0
4,340,-535.0,35,terminated,0,55,1,0,-535.0,0,0,0,0,1,0,1,1,0,0,1,1,0,0,1,1,0,0,0,0,0,0,0,0,0,0,0,0,0,0
4,341,-534.0,34,terminated,0,55,1,0,-534.0,0,0,0,0,1,0,1,1,0,0,1,1,0,0,1,1,0,0,0,0,0,0,0,0,0,0,0,0,0,0
4,342,-555.0,55,terminated,0,55,1,0,-555.0,0,0,0,0,1,0,1,1,0,0,1,1,0,0,1,1,0,0,0,0,0,0,0,0,0,0,0,0,0,0
4,343,-578.0,78,terminated,0,55,1,0,-578.0,0,0,0,0,1,0,1,1,0,0,1,1,0,0,1,1,0,0,0,0,0,0,0,0,0,0,0,0,0,0
4,344,-526.0,26,terminated,0,55,1,0,-526.0,0,0,0,0,1,0,1,1,0,0,1,1,0,0,1,1,0,0,0,0,0,0,0,0,0,0,0,0,0,0
4,345,-585.0,85,terminated,0,55,1,0,-585.0,0,0,0,0,1,0,1,1,0,0,1,1,0,0,1,1,0,0,0,0,0,0,0,0,0,0,0,0,0,0
4,346,-520.0,20,terminated,0,55,1,0,-520.0,0,0,0,0,1,0,1,1,0,0,1,1,0,0,1,1,0,0,0,0,0,0,0,0,0,0,0,0,0,0
4,347,-542.0,42,terminated,0,55,1,0,-542.0,0,0,0,0,1,0,1,1,0,0,1,1,0,0,1,1,0,0,0,0,0,0,0,0,0,0,0,0,0,0
4,348,-556.0,56,terminated,0,55,1,0,-556.0,0,0,0,0,1,0,1,1,0,0,1,1,0,0,1,1,0,0,0,0,0,0,0,0,0,0,0,0,0,0
4,349,-614.0,114,terminated,0,55,1,0,-614.0,0,0,0,0,1,0,1,1,0,0,1,1,0,0,1,1,0,0,0,0,0,0,0,0,0,0,0,0,0,0
4,350,-538.0,38,terminated,0,55,1,0,-538.0,0,0,0,0,1,0,1,1,0,0,1,1,0,0,1,1,0,0,0,0,0,0,0,0,0,0,0,0,0,0
4,351,-605.0,105,terminated,0,55,1,0,-605.0,0,0,0,0,1,0,1,1,0,0,1,1,0,0,1,1,0,0,0,0,0,0,0,0,0,0,0,0,0,0
4,352,-588.0,88,terminated,0,55,1,0,-588.0,0,0,0,0,1,0,1,1,0,0,1,1,0,0,1,1,0,0,0,0,0,0,0,0,0,0,0,0,0,0
4,353,-518.0,18,terminated,0,55,1,0,-518.0,0,0,0,0,1,0,1,1,0,0,1,1,0,0,1,1,0,0,0,0,0,0,0,0,0,0,0,0,0,0
4,354,-532.0,32,terminated,0,55,1,0,-532.0,0,0,0,0,1,0,1,1,0,0,1,1,0,0,1,1,0,0,0,0,0,0,0,0,0,0,0,0,0,0
4,355,-655.0,155,terminated,0,55,1,0,-655.0,0,0,0,0,1,0,1,1,0,0,1,1,0,0,1,1,0,0,0,0,0,0,0,0,0,0,0,0,0,0
4,356,-555.0,55,terminated,0,55,1,0,-555.0,0,0,0,0,1,0,1,1,0,0,1,1,0,0,1,1,0,0,0,0,0,0,0,0,0,0,0,0,0,0
4,357,-524.0,24,terminated,0,55,1,0,-524.0,0,0,0,0,1,0,1,1,0,0,1,1,0,0,1,1,0,0,0,0,0,0,0,0,0,0,0,0,0,0
4,358,-532.0,32,terminated,0,55,1,0,-532.0,0,0,0,0,1,0,1,1,0,0,1,1,0,0,1,1,0,0,0,0,0,0,0,0,0,0,0,0,0,0
4,359,-535.0,35,terminated,0,55,1,0,-535.0,0,0,0,0,1,0,1,1,0,0,1,1,0,0,1,1,0,0,0,0,0,0,0,0,0,0,0,0,0,0
4,360,-587.0,87,terminated,0,55,1,0,-587.0,0,0,0,0,1,0,1,1,0,0,1,1,0,0,1,1,0,0,0,0,0,0,0,0,0,0,0,0,0,0
4,361,-631.0,131,terminated,0,55,1,0,-631.0,0,0,0,0,1,0,1,1,0,0,1,1,0,0,1,1,0,0,0,0,0,0,0,0,0,0,0,0,0,0
4,362,-518.0,18,terminated,0,55,1,0,-518.0,0,0,0,0,1,0,1,1,0,0,1,1,0,0,1,1,0,0,0,0,0,0,0,0,0,0,0,0,0,0
4,363,-548.0,48,terminated,0,55,1,0,-548.0,0,0,0,0,1,0,1,1,0,0,1,1,0,0,1,1,0,0,0,0,0,0,0,0,0,0,0,0,0,0
4,364,-616.0,116,terminated,0,55,1,0,-616.0,0,0,0,0,1,0,1,1,0,0,1,1,0,0,1,1,0,0,0,0,0,0,0,0,0,0,0,0,0,0
4,365,-585.0,85,terminated,0,55,1,0,-585.0,0,0,0,0,1,0,1,1,0,0,1,1,0,0,1,1,0,0,0,0,0,0,0,0,0,0,0,0,0,0
4,366,-612.0,112,terminated,0,55,1,0,-612.0,0,0,0,0,1,0,1,1,0,0,1,1,0,0,1,1,0,0,0,0,0,0,0,0,0,0,0,0,0,0
4,367,-538.0,38,terminated,0,55,1,0,-538.0,0,0,0,0,1,0,1,1,0,0,1,1,0,0,1,1,0,0,0,0,0,0,0,0,0,0,0,0,0,0
4,368,-581.0,81,terminated,0,55,1,0,-581.0,0,0,0,0,1,0,1,1,0,0,1,1,0,0,1,1,0,0,0,0,0,0,0,0,0,0,0,0,0,0
4,369,-535.0,35,terminated,0,55,1,0,-535.0,0,0,0,0,1,0,1,1,0,0,1,1,0,0,1,1,0,0,0,0,0,0,0,0,0,0,0,0,0,0
4,370,-531.0,31,terminated,0,55,1,0,-531.0,0,0,0,0,1,0,1,1,0,0,1,1,0,0,1,1,0,0,0,0,0,0,0,0,0,0,0,0,0,0
4,371,-551.0,51,terminated,0,55,1,0,-551.0,0,0,0,0,1,0,1,1,0,0,1,1,0,0,1,1,0,0,0,0,0,0,0,0,0,0,0,0,0,0
4,372,-551.0,51,terminated,0,55,1,0,-551.0,0,0,0,0,1,0,1,1,0,0,1,1,0,0,1,1,0,0,0,0,0,0,0,0,0,0,0,0,0,0
4,373,-542.0,42,terminated,0,55,1,0,-542.0,0,0,0,0,1,0,1,1,0,0,1,1,0,0,1,1,0,0,0,0,0,0,0,0,0,0,0,0,0,0
4,374,-563.0,63,terminated,0,55,1,0,-563.0,0,0,0,0,1,0,1,1,0,0,1,1,0,0,1,1,0,0,0,0,0,0,0,0,0,0,0,0,0,0
4,375,-535.0,35,terminated,0,55,1,0,-535.0,0,0,0,0,1,0,1,1,0,0,1,1,0,0,1,1,0,0,0,0,0,0,0,0,0,0,0,0,0,0
4,376,-585.0,85,terminated,0,55,1,0,-585.0,0,0,0,0,1,0,1,1,0,0,1,1,0,0,1,1,0,0,0,0,0,0,0,0,0,0,0,0,0,0
4,377,-607.0,107,terminated,0,55,1,0,-607.0,0,0,0,0,1,0,1,1,0,0,1,1,0,0,1,1,0,0,0,0,0,0,0,0,0,0,0,0,0,0
4,378,-543.0,43,terminated,0,55,1,0,-543.0,0,0,0,0,1,0,1,1,0,0,1,1,0,0,1,1,0,0,0,0,0,0,0,0,0,0,0,0,0,0
4,379,-636.0,136,terminated,0,55,1,0,-636.0,0,0,0,0,1,0,1,1,0,0,1,1,0,0,1,1,0,0,0,0,0,0,0,0,0,0,0,0,0,0
4,380,-552.0,52,terminated,0,55,1,0,-552.0,0,0,0,0,1,0,1,1,0,0,1,1,0,0,1,1,0,0,0,0,0,0,0,0,0,0,0,0,0,0
4,381,-558.0,58,terminated,0,55,1,0,-558.0,0,0,0,0,1,0,1,1,0,0,1,1,0,0,1,1,0,0,0,0,0,0,0,0,0,0,0,0,0,0
4,382,-630.0,130,terminated,0,55,1,0,-630.0,0,0,0,0,1,0,1,1,0,0,1,1,0,0,1,1,0,0,0,0,0,0,0,0,0,0,0,0,0,0
4,383,-521.0,21,terminated,0,55,1,0,-521.0,0,0,0,0,1,0,1,1,0,0,1,1,0,0,1,1,0,0,0,0,0,0,0,0,0,0,0,0,0,0
4,384,-532.0,32,terminated,0,55,1,0,-532.0,0,0,0,0,1,0,1,1,0,0,1,1,0,0,1,1,0,0,0,0,0,0,0,0,0,0,0,0,0,0
4,385,-543.0,43,terminated,0,55,1,0,-543.0,0,0,0,0,1,0,1,1,0,0,1,1,0,0,1,1,0,0,0,0,0,0,0,0,0,0,0,0,0,0
4,386,-605.0,105,terminated,0,55,1,0,-605.0,0,0,0,0,1,0,1,1,0,0,1,1,0,0,1,1,0,0,0,0,0,0,0,0,0,0,0,0,0,0
4,387,-524.0,24,terminated,0,55,1,0,-524.0,0,0,0,0,1,0,1,1,0,0,1,1,0,0,1,1,0,0,0,0,0,0,0,0,0,0,0,0,0,0
4,388,-633.0,133,terminated,0,55,1,0,-633.0,0,0,0,0,1,0,1,1,0,0,1,1,0,0,1,1,0,0,0,0,0,0,0,0,0,0,0,0,0,0
4,389,-558.0,58,terminated,0,55,1,0,-558.0,0,0,0,0,1,0,1,1,0,0,1,1,0,0,1,1,0,0,0,0,0,0,0,0,0,0,0,0,0,0
4,390,-526.0,26,terminated,0,55,1,0,-526.0,0,0,0,0,1,0,1,1,0,0,1,1,0,0,1,1,0,0,0,0,0,0,0,0,0,0,0,0,0,0
4,391,-626.0,126,terminated,0,55,1,0,-626.0,0,0,0,0,1,0,1,1,0,0,1,1,0,0,1,1,0,0,0,0,0,0,0,0,0,0,0,0,0,0
4,392,-583.0,83,terminated,0,55,1,0,-583.0,0,0,0,0,1,0,1,1,0,0,1,1,0,0,1,1,0,0,0,0,0,0,0,0,0,0,0,0,0,0
4,393,-549.0,49,terminated,0,55,1,0,-549.0,0,0,0,0,1,0,1,1,0,0,1,1,0,0,1,1,0,0,0,0,0,0,0,0,0,0,0,0,0,0
4,394,-531.0,31,terminated,0,55,1,0,-531.0,0,0,0,0,1,0,1,1,0,0,1,1,0,0,1,1,0,0,0,0,0,0,0,0,0,0,0,0,0,0
4,395,-539.0,39,terminated,0,55,1,0,-539.0,0,0,0,0,1,0,1,1,0,0,1,1,0,0,1,1,0,0,0,0,0,0,0,0,0,0,0,0,0,0
4,396,-569.0,69,terminated,0,55,1,0,-569.0,0,0,0,0,1,0,1,1,0,0,1,1,0,0,1,1,0,0,0,0,0,0,0,0,0,0,0,0,0,0
4,397,-686.0,186,terminated,0,55,1,0,-686.0,0,0,0,0,1,0,1,1,0,0,1,1,0,0,1,1,0,0,0,0,0,0,0,0,0,0,0,0,0,0
4,398,-518.0,18,terminated,0,55,1,0,-518.0,0,0,0,0,1,0,1,1,0,0,1,1,0,0,1,1,0,0,0,0,0,0,0,0,0,0,0,0,0,0
4,399,-594.0,94,terminated,0,55,1,0,-594.0,0,0,0,0,1,0,1,1,0,0,1,1,0,0,1,1,0,0,0,0,0,0,0,0,0,0,0,0,0,0
4,400,-565.0,65,terminated,0,55,1,0,-565.0,0,0,0,0,1,0,1,1,0,0,1,1,0,0,1,1,0,0,0,0,0,0,0,0,0,0,0,0,0,0
4,401,-562.0,62,terminated,0,55,1,0,-562.0,0,0,0,0,1,0,1,1,0,0,1,1,0,0,1,1,0,0,0,0,0,0,0,0,0,0,0,0,0,0
4,402,-575.0,75,terminated,0,55,1,0,-575.0,0,0,0,0,1,0,1,1,0,0,1,1,0,0,1,1,0,0,0,0,0,0,0,0,0,0,0,0,0,0
4,403,-522.0,22,terminated,0,55,1,0,-522.0,0,0,0,0,1,0,1,1,0,0,1,1,0,0,1,1,0,0,0,0,0,0,0,0,0,0,0,0,0,0
4,404,-529.0,29,terminated,0,55,1,0,-529.0,0,0,0,0,1,0,1,1,0,0,1,1,0,0,1,1,0,0,0,0,0,0,0,0,0,0,0,0,0,0
4,405,-578.0,78,terminated,0,55,1,0,-578.0,0,0,0,0,1,0,1,1,0,0,1,1,0,0,1,1,0,0,0,0,0,0,0,0,0,0,0,0,0,0
4,406,-544.0,44,terminated,0,55,1,0,-544.0,0,0,0,0,1,0,1,1,0,0,1,1,0,0,1,1,0,0,0,0,0,0,0,0,0,0,0,0,0,0
4,407,-536.0,36,terminated,0,55,1,0,-536.0,0,0,0,0,1,0,1,1,0,0,1,1,0,0,1,1,0,0,0,0,0,0,0,0,0,0,0,0,0,0
4,408,-553.0,53,terminated,0,55,1,0,-553.0,0,0,0,0,1,0,1,1,0,0,1,1,0,0,1,1,0,0,0,0,0,0,0,0,0,0,0,0,0,0
4,409,-557.0,57,terminated,0,55,1,0,-557.0,0,0,0,0,1,0,1,1,0,0,1,1,0,0,1,1,0,0,0,0,0,0,0,0,0,0,0,0,0,0
4,410,-526.0,26,terminated,0,55,1,0,-526.0,0,0,0,0,1,0,1,1,0,0,1,1,0,0,1,1,0,0,0,0,0,0,0,0,0,0,0,0,0,0
4,411,-538.0,38,terminated,0,55,1,0,-538.0,0,0,0,0,1,0,1,1,0,0,1,1,0,0,1,1,0,0,0,0,0,0,0,0,0,0,0,0,0,0
4,412,-529.0,29,terminated,0,55,1,0,-529.0,0,0,0,0,1,0,1,1,0,0,1,1,0,0,1,1,0,0,0,0,0,0,0,0,0,0,0,0,0,0
4,413,-531.0,31,terminated,0,55,1,0,-531.0,0,0,0,0,1,0,1,1,0,0,1,1,0,0,1,1,0,0,0,0,0,0,0,0,0,0,0,0,0,0
4,414,-585.0,85,terminated,0,55,1,0,-585.0,0,0,0,0,1,0,1,1,0,0,1,1,0,0,1,1,0,0,0,0,0,0,0,0,0,0,0,0,0,0
4,415,-524.0,24,terminated,0,55,1,0,-524.0,0,0,0,0,1,0,1,1,0,0,1,1,0,0,1,1,0,0,0,0,0,0,0,0,0,0,0,0,0,0
4,416,-600.0,100,terminated,0,55,1,0,-600.0,0,0,0,0,1,0,1,1,0,0,1,1,0,0,1,1,0,0,0,0,0,0,0,0,0,0,0,0,0,0
4,417,-527.0,27,terminated,0,55,1,0,-527.0,0,0,0,0,1,0,1,1,0,0,1,1,0,0,1,1,0,0,0,0,0,0,0,0,0,0,0,0,0,0
4,418,-555.0,55,terminated,0,55,1,0,-555.0,0,0,0,0,1,0,1,1,0,0,1,1,0,0,1,1,0,0,0,0,0,0,0,0,0,0,0,0,0,0
4,419,-517.0,17,terminated,0,55,1,0,-517.0,0,0,0,0,1,0,1,1,0,0,1,1,0,0,1,1,0,0,0,0,0,0,0,0,0,0,0,0,0,0
4,420,-517.0,17,terminated,0,55,1,0,-517.0,0,0,0,0,1,0,1,1,0,0,1,1,0,0,1,1,0,0,0,0,0,0,0,0,0,0,0,0,0,0
4,421,-578.0,78,terminated,0,55,1,0,-578.0,0,0,0,0,1,0,1,1,0,0,1,1,0,0,1,1,0,0,0,0,0,0,0,0,0,0,0,0,0,0
4,422,-570.0,70,terminated,0,55,1,0,-570.0,0,0,0,0,1,0,1,1,0,0,1,1,0,0,1,1,0,0,0,0,0,0,0,0,0,0,0,0,0,0
4,423,-524.0,24,terminated,0,55,1,0,-524.0,0,0,0,0,1,0,1,1,0,0,1,1,0,0,1,1,0,0,0,0,0,0,0,0,0,0,0,0,0,0
4,424,-553.0,53,terminated,0,55,1,0,-553.0,0,0,0,0,1,0,1,1,0,0,1,1,0,0,1,1,0,0,0,0,0,0,0,0,0,0,0,0,0,0
4,425,-551.0,51,terminated,0,55,1,0,-551.0,0,0,0,0,1,0,1,1,0,0,1,1,0,0,1,1,0,0,0,0,0,0,0,0,0,0,0,0,0,0
4,426,-537.0,37,terminated,0,55,1,0,-537.0,0,0,0,0,1,0,1,1,0,0,1,1,0,0,1,1,0,0,0,0,0,0,0,0,0,0,0,0,0,0
4,427,-533.0,33,terminated,0,55,1,0,-533.0,0,0,0,0,1,0,1,1,0,0,1,1,0,0,1,1,0,0,0,0,0,0,0,0,0,0,0,0,0,0
4,428,-660.0,160,terminated,0,55,1,0,-660.0,0,0,0,0,1,0,1,1,0,0,1,1,0,0,1,1,0,0,0,0,0,0,0,0,0,0,0,0,0,0
4,429,-527.0,27,terminated,0,55,1,0,-527.0,0,0,0,0,1,0,1,1,0,0,1,1,0,0,1,1,0,0,0,0,0,0,0,0,0,0,0,0,0,0
4,430,-552.0,52,terminated,0,55,1,0,-552.0,0,0,0,0,1,0,1,1,0,0,1,1,0,0,1,1,0,0,0,0,0,0,0,0,0,0,0,0,0,0
4,431,-527.0,27,terminated,0,55,1,0,-527.0,0,0,0,0,1,0,1,1,0,0,1,1,0,0,1,1,0,0,0,0,0,0,0,0,0,0,0,0,0,0
4,432,-581.0,81,terminated,0,55,1,0,-581.0,0,0,0,0,1,0,1,1,0,0,1,1,0,0,1,1,0,0,0,0,0,0,0,0,0,0,0,0,0,0
4,433,-542.0,42,terminated,0,55,1,0,-542.0,0,0,0,0,1,0,1,1,0,0,1,1,0,0,1,1,0,0,0,0,0,0,0,0,0,0,0,0,0,0
4,434,-532.0,32,terminated,0,55,1,0,-532.0,0,0,0,0,1,0,1,1,0,0,1,1,0,0,1,1,0,0,0,0,0,0,0,0,0,0,0,0,0,0
4,435,-626.0,126,terminated,0,55,1,0,-626.0,0,0,0,0,1,0,1,1,0,0,1,1,0,0,1,1,0,0,0,0,0,0,0,0,0,0,0,0,0,0
4,436,-575.0,75,terminated,0,55,1,0,-575.0,0,0,0,0,1,0,1,1,0,0,1,1,0,0,1,1,0,0,0,0,0,0,0,0,0,0,0,0,0,0
4,437,-518.0,18,terminated,0,55,1,0,-518.0,0,0,0,0,1,0,1,1,0,0,1,1,0,0,1,1,0,0,0,0,0,0,0,0,0,0,0,0,0,0
4,438,-614.0,114,terminated,0,55,1,0,-614.0,0,0,0,0,1,0,1,1,0,0,1,1,0,0,1,1,0,0,0,0,0,0,0,0,0,0,0,0,0,0
4,439,-522.0,22,terminated,0,55,1,0,-522.0,0,0,0,0,1,0,1,1,0,0,1,1,0,0,1,1,0,0,0,0,0,0,0,0,0,0,0,0,0,0
4,440,-542.0,42,terminated,0,55,1,0,-542.0,0,0,0,0,1,0,1,1,0,0,1,1,0,0,1,1,0,0,0,0,0,0,0,0,0,0,0,0,0,0
4,441,-591.0,91,terminated,0,55,1,0,-591.0,0,0,0,0,1,0,1,1,0,0,1,1,0,0,1,1,0,0,0,0,0,0,0,0,0,0,0,0,0,0
4,442,-566.0,66,terminated,0,55,1,0,-566.0,0,0,0,0,1,0,1,1,0,0,1,1,0,0,1,1,0,0,0,0,0,0,0,0,0,0,0,0,0,0
4,443,-555.0,55,terminated,0,55,1,0,-555.0,0,0,0,0,1,0,1,1,0,0,1,1,0,0,1,1,0,0,0,0,0,0,0,0,0,0,0,0,0,0
4,444,-619.0,119,terminated,0,55,1,0,-619.0,0,0,0,0,1,0,1,1,0,0,1,1,0,0,1,1,0,0,0,0,0,0,0,0,0,0,0,0,0,0
4,445,-536.0,36,terminated,0,55,1,0,-536.0,0,0,0,0,1,0,1,1,0,0,1,1,0,0,1,1,0,0,0,0,0,0,0,0,0,0,0,0,0,0
4,446,-566.0,66,terminated,0,55,1,0,-566.0,0,0,0,0,1,0,1,1,0,0,1,1,0,0,1,1,0,0,0,0,0,0,0,0,0,0,0,0,0,0
4,447,-527.0,27,terminated,0,55,1,0,-527.0,0,0,0,0,1,0,1,1,0,0,1,1,0,0,1,1,0,0,0,0,0,0,0,0,0,0,0,0,0,0
4,448,-527.0,27,terminated,0,55,1,0,-527.0,0,0,0,0,1,0,1,1,0,0,1,1,0,0,1,1,0,0,0,0,0,0,0,0,0,0,0,0,0,0
4,449,-574.0,74,terminated,0,55,1,0,-574.0,0,0,0,0,1,0,1,1,0,0,1,1,0,0,1,1,0,0,0,0,0,0,0,0,0,0,0,0,0,0
4,450,-547.0,47,terminated,0,55,1,0,-547.0,0,0,0,0,1,0,1,1,0,0,1,1,0,0,1,1,0,0,0,0,0,0,0,0,0,0,0,0,0,0
4,451,-521.0,21,terminated,0,55,1,0,-521.0,0,0,0,0,1,0,1,1,0,0,1,1,0,0,1,1,0,0,0,0,0,0,0,0,0,0,0,0,0,0
4,452,-521.0,21,terminated,0,55,1,0,-521.0,0,0,0,0,1,0,1,1,0,0,1,1,0,0,1,1,0,0,0,0,0,0,0,0,0,0,0,0,0,0
4,453,-587.0,87,terminated,0,55,1,0,-587.0,0,0,0,0,1,0,1,1,0,0,1,1,0,0,1,1,0,0,0,0,0,0,0,0,0,0,0,0,0,0
4,454,-615.0,115,terminated,0,55,1,0,-615.0,0,0,0,0,1,0,1,1,0,0,1,1,0,0,1,1,0,0,0,0,0,0,0,0,0,0,0,0,0,0
4,455,-698.0,198,terminated,0,55,1,0,-698.0,0,0,0,0,1,0,1,1,0,0,1,1,0,0,1,1,0,0,0,0,0,0,0,0,0,0,0,0,0,0
4,456,-549.0,49,terminated,0,55,1,0,-549.0,0,0,0,0,1,0,1,1,0,0,1,1,0,0,1,1,0,0,0,0,0,0,0,0,0,0,0,0,0,0
4,457,-525.0,25,terminated,0,55,1,0,-525.0,0,0,0,0,1,0,1,1,0,0,1,1,0,0,1,1,0,0,0,0,0,0,0,0,0,0,0,0,0,0
4,458,-585.0,85,terminated,0,55,1,0,-585.0,0,0,0,0,1,0,1,1,0,0,1,1,0,0,1,1,0,0,0,0,0,0,0,0,0,0,0,0,0,0
4,459,-531.0,31,terminated,0,55,1,0,-531.0,0,0,0,0,1,0,1,1,0,0,1,1,0,0,1,1,0,0,0,0,0,0,0,0,0,0,0,0,0,0
4,460,-515.0,15,terminated,0,55,1,0,-515.0,0,0,0,0,1,0,1,1,0,0,1,1,0,0,1,1,0,0,0,0,0,0,0,0,0,0,0,0,0,0
4,461,-525.0,25,terminated,0,55,1,0,-525.0,0,0,0,0,1,0,1,1,0,0,1,1,0,0,1,1,0,0,0,0,0,0,0,0,0,0,0,0,0,0
4,462,-552.0,52,terminated,0,55,1,0,-552.0,0,0,0,0,1,0,1,1,0,0,1,1,0,0,1,1,0,0,0,0,0,0,0,0,0,0,0,0,0,0
4,463,-536.0,36,terminated,0,55,1,0,-536.0,0,0,0,0,1,0,1,1,0,0,1,1,0,0,1,1,0,0,0,0,0,0,0,0,0,0,0,0,0,0
4,464,-700.0,200,terminated,0,55,1,0,-700.0,0,0,0,0,1,0,1,1,0,0,1,1,0,0,1,1,0,0,0,0,0,0,0,0,0,0,0,0,0,0
4,465,-534.0,34,terminated,0,55,1,0,-534.0,0,0,0,0,1,0,1,1,0,0,1,1,0,0,1,1,0,0,0,0,0,0,0,0,0,0,0,0,0,0
4,466,-577.0,77,terminated,0,55,1,0,-577.0,0,0,0,0,1,0,1,1,0,0,1,1,0,0,1,1,0,0,0,0,0,0,0,0,0,0,0,0,0,0
4,467,-592.0,92,terminated,0,55,1,0,-592.0,0,0,0,0,1,0,1,1,0,0,1,1,0,0,1,1,0,0,0,0,0,0,0,0,0,0,0,0,0,0
4,468,-556.0,56,terminated,0,55,1,0,-556.0,0,0,0,0,1,0,1,1,0,0,1,1,0,0,1,1,0,0,0,0,0,0,0,0,0,0,0,0,0,0
4,469,-525.0,25,terminated,0,55,1,0,-525.0,0,0,0,0,1,0,1,1,0,0,1,1,0,0,1,1,0,0,0,0,0,0,0,0,0,0,0,0,0,0
4,470,-560.0,60,terminated,0,55,1,0,-560.0,0,0,0,0,1,0,1,1,0,0,1,1,0,0,1,1,0,0,0,0,0,0,0,0,0,0,0,0,0,0
4,471,-639.0,139,terminated,0,55,1,0,-639.0,0,0,0,0,1,0,1,1,0,0,1,1,0,0,1,1,0,0,0,0,0,0,0,0,0,0,0,0,0,0
4,472,-565.0,65,terminated,0,55,1,0,-565.0,0,0,0,0,1,0,1,1,0,0,1,1,0,0,1,1,0,0,0,0,0,0,0,0,0,0,0,0,0,0
4,473,-523.0,23,terminated,0,55,1,0,-523.0,0,0,0,0,1,0,1,1,0,0,1,1,0,0,1,1,0,0,0,0,0,0,0,0,0,0,0,0,0,0
4,474,-568.0,68,terminated,0,55,1,0,-568.0,0,0,0,0,1,0,1,1,0,0,1,1,0,0,1,1,0,0,0,0,0,0,0,0,0,0,0,0,0,0
4,475,-566.0,66,terminated,0,55,1,0,-566.0,0,0,0,0,1,0,1,1,0,0,1,1,0,0,1,1,0,0,0,0,0,0,0,0,0,0,0,0,0,0
4,476,-596.0,96,terminated,0,55,1,0,-596.0,0,0,0,0,1,0,1,1,0,0,1,1,0,0,1,1,0,0,0,0,0,0,0,0,0,0,0,0,0,0
4,477,-521.0,21,terminated,0,55,1,0,-521.0,0,0,0,0,1,0,1,1,0,0,1,1,0,0,1,1,0,0,0,0,0,0,0,0,0,0,0,0,0,0
4,478,-560.0,60,terminated,0,55,1,0,-560.0,0,0,0,0,1,0,1,1,0,0,1,1,0,0,1,1,0,0,0,0,0,0,0,0,0,0,0,0,0,0
4,479,-522.0,22,terminated,0,55,1,0,-522.0,0,0,0,0,1,0,1,1,0,0,1,1,0,0,1,1,0,0,0,0,0,0,0,0,0,0,0,0,0,0
4,480,-519.0,19,terminated,0,55,1,0,-519.0,0,0,0,0,1,0,1,1,0,0,1,1,0,0,1,1,0,0,0,0,0,0,0,0,0,0,0,0,0,0
4,481,-606.0,106,terminated,0,55,1,0,-606.0,0,0,0,0,1,0,1,1,0,0,1,1,0,0,1,1,0,0,0,0,0,0,0,0,0,0,0,0,0,0
4,482,-539.0,39,terminated,0,55,1,0,-539.0,0,0,0,0,1,0,1,1,0,0,1,1,0,0,1,1,0,0,0,0,0,0,0,0,0,0,0,0,0,0
4,483,-555.0,55,terminated,0,55,1,0,-555.0,0,0,0,0,1,0,1,1,0,0,1,1,0,0,1,1,0,0,0,0,0,0,0,0,0,0,0,0,0,0
4,484,-531.0,31,terminated,0,55,1,0,-531.0,0,0,0,0,1,0,1,1,0,0,1,1,0,0,1,1,0,0,0,0,0,0,0,0,0,0,0,0,0,0
4,485,-526.0,26,terminated,0,55,1,0,-526.0,0,0,0,0,1,0,1,1,0,0,1,1,0,0,1,1,0,0,0,0,0,0,0,0,0,0,0,0,0,0
4,486,-540.0,40,terminated,0,55,1,0,-540.0,0,0,0,0,1,0,1,1,0,0,1,1,0,0,1,1,0,0,0,0,0,0,0,0,0,0,0,0,0,0
4,487,-519.0,19,terminated,0,55,1,0,-519.0,0,0,0,0,1,0,1,1,0,0,1,1,0,0,1,1,0,0,0,0,0,0,0,0,0,0,0,0,0,0
4,488,-557.0,57,terminated,0,55,1,0,-557.0,0,0,0,0,1,0,1,1,0,0,1,1,0,0,1,1,0,0,0,0,0,0,0,0,0,0,0,0,0,0
4,489,-529.0,29,terminated,0,55,1,0,-529.0,0,0,0,0,1,0,1,1,0,0,1,1,0,0,1,1,0,0,0,0,0,0,0,0,0,0,0,0,0,0
4,490,-542.0,42,terminated,0,55,1,0,-542.0,0,0,0,0,1,0,1,1,0,0,1,1,0,0,1,1,0,0,0,0,0,0,0,0,0,0,0,0,0,0
4,491,-599.0,99,terminated,0,55,1,0,-599.0,0,0,0,0,1,0,1,1,0,0,1,1,0,0,1,1,0,0,0,0,0,0,0,0,0,0,0,0,0,0
4,492,-546.0,46,terminated,0,55,1,0,-546.0,0,0,0,0,1,0,1,1,0,0,1,1,0,0,1,1,0,0,0,0,0,0,0,0,0,0,0,0,0,0
4,493,-764.0,264,terminated,0,55,1,0,-764.0,0,0,0,0,1,0,1,1,0,0,1,1,0,0,1,1,0,0,0,0,0,0,0,0,0,0,0,0,0,0
4,494,-705.0,205,terminated,0,55,1,0,-705.0,0,0,0,0,1,0,1,1,0,0,1,1,0,0,1,1,0,0,0,0,0,0,0,0,0,0,0,0,0,0
4,495,-560.0,60,terminated,0,55,1,0,-560.0,0,0,0,0,1,0,1,1,0,0,1,1,0,0,1,1,0,0,0,0,0,0,0,0,0,0,0,0,0,0
4,496,-554.0,54,terminated,0,55,1,0,-554.0,0,0,0,0,1,0,1,1,0,0,1,1,0,0,1,1,0,0,0,0,0,0,0,0,0,0,0,0,0,0
4,497,-596.0,96,terminated,0,55,1,0,-596.0,0,0,0,0,1,0,1,1,0,0,1,1,0,0,1,1,0,0,0,0,0,0,0,0,0,0,0,0,0,0
4,498,-518.0,18,terminated,0,55,1,0,-518.0,0,0,0,0,1,0,1,1,0,0,1,1,0,0,1,1,0,0,0,0,0,0,0,0,0,0,0,0,0,0
4,499,-720.0,220,terminated,0,55,1,0,-720.0,0,0,0,0,1,0,1,1,0,0,1,1,0,0,1,1,0,0,0,0,0,0,0,0,0,0,0,0,0,0
4,500,-562.0,62,terminated,0,55,1,0,-562.0,0,0,0,0,1,0,1,1,0,0,1,1,0,0,1,1,0,0,0,0,0,0,0,0,0,0,0,0,0,0
4,501,-580.0,80,terminated,0,55,1,0,-580.0,0,0,0,0,1,0,1,1,0,0,1,1,0,0,1,1,0,0,0,0,0,0,0,0,0,0,0,0,0,0
4,502,-649.0,149,terminated,0,55,1,0,-649.0,0,0,0,0,1,0,1,1,0,0,1,1,0,0,1,1,0,0,0,0,0,0,0,0,0,0,0,0,0,0
4,503,-524.0,24,terminated,0,55,1,0,-524.0,0,0,0,0,1,0,1,1,0,0,1,1,0,0,1,1,0,0,0,0,0,0,0,0,0,0,0,0,0,0
4,504,-577.0,77,terminated,0,55,1,0,-577.0,0,0,0,0,1,0,1,1,0,0,1,1,0,0,1,1,0,0,0,0,0,0,0,0,0,0,0,0,0,0
4,505,-537.0,37,terminated,0,55,1,0,-537.0,0,0,0,0,1,0,1,1,0,0,1,1,0,0,1,1,0,0,0,0,0,0,0,0,0,0,0,0,0,0
4,506,-680.0,180,terminated,0,55,1,0,-680.0,0,0,0,0,1,0,1,1,0,0,1,1,0,0,1,1,0,0,0,0,0,0,0,0,0,0,0,0,0,0
4,507,-596.0,96,terminated,0,55,1,0,-596.0,0,0,0,0,1,0,1,1,0,0,1,1,0,0,1,1,0,0,0,0,0,0,0,0,0,0,0,0,0,0
4,508,-519.0,19,terminated,0,55,1,0,-519.0,0,0,0,0,1,0,1,1,0,0,1,1,0,0,1,1,0,0,0,0,0,0,0,0,0,0,0,0,0,0
4,509,-522.0,22,terminated,0,55,1,0,-522.0,0,0,0,0,1,0,1,1,0,0,1,1,0,0,1,1,0,0,0,0,0,0,0,0,0,0,0,0,0,0
4,510,-522.0,22,terminated,0,55,1,0,-522.0,0,0,0,0,1,0,1,1,0,0,1,1,0,0,1,1,0,0,0,0,0,0,0,0,0,0,0,0,0,0
4,511,-539.0,39,terminated,0,55,1,0,-539.0,0,0,0,0,1,0,1,1,0,0,1,1,0,0,1,1,0,0,0,0,0,0,0,0,0,0,0,0,0,0
4,512,-581.0,81,terminated,0,55,1,0,-581.0,0,0,0,0,1,0,1,1,0,0,1,1,0,0,1,1,0,0,0,0,0,0,0,0,0,0,0,0,0,0
4,513,-518.0,18,terminated,0,55,1,0,-518.0,0,0,0,0,1,0,1,1,0,0,1,1,0,0,1,1,0,0,0,0,0,0,0,0,0,0,0,0,0,0
4,514,-523.0,23,terminated,0,55,1,0,-523.0,0,0,0,0,1,0,1,1,0,0,1,1,0,0,1,1,0,0,0,0,0,0,0,0,0,0,0,0,0,0
4,515,-615.0,115,terminated,0,55,1,0,-615.0,0,0,0,0,1,0,1,1,0,0,1,1,0,0,1,1,0,0,0,0,0,0,0,0,0,0,0,0,0,0
4,516,-529.0,29,terminated,0,55,1,0,-529.0,0,0,0,0,1,0,1,1,0,0,1,1,0,0,1,1,0,0,0,0,0,0,0,0,0,0,0,0,0,0
4,517,-576.0,76,terminated,0,55,1,0,-576.0,0,0,0,0,1,0,1,1,0,0,1,1,0,0,1,1,0,0,0,0,0,0,0,0,0,0,0,0,0,0
4,518,-536.0,36,terminated,0,55,1,0,-536.0,0,0,0,0,1,0,1,1,0,0,1,1,0,0,1,1,0,0,0,0,0,0,0,0,0,0,0,0,0,0
4,519,-537.0,37,terminated,0,55,1,0,-537.0,0,0,0,0,1,0,1,1,0,0,1,1,0,0,1,1,0,0,0,0,0,0,0,0,0,0,0,0,0,0
4,520,-529.0,29,terminated,0,55,1,0,-529.0,0,0,0,0,1,0,1,1,0,0,1,1,0,0,1,1,0,0,0,0,0,0,0,0,0,0,0,0,0,0
4,521,-521.0,21,terminated,0,55,1,0,-521.0,0,0,0,0,1,0,1,1,0,0,1,1,0,0,1,1,0,0,0,0,0,0,0,0,0,0,0,0,0,0
4,522,-528.0,28,terminated,0,55,1,0,-528.0,0,0,0,0,1,0,1,1,0,0,1,1,0,0,1,1,0,0,0,0,0,0,0,0,0,0,0,0,0,0
4,523,-579.0,79,terminated,0,55,1,0,-579.0,0,0,0,0,1,0,1,1,0,0,1,1,0,0,1,1,0,0,0,0,0,0,0,0,0,0,0,0,0,0
4,524,-544.0,44,terminated,0,55,1,0,-544.0,0,0,0,0,1,0,1,1,0,0,1,1,0,0,1,1,0,0,0,0,0,0,0,0,0,0,0,0,0,0
4,525,-609.0,109,terminated,0,55,1,0,-609.0,0,0,0,0,1,0,1,1,0,0,1,1,0,0,1,1,0,0,0,0,0,0,0,0,0,0,0,0,0,0
4,526,-537.0,37,terminated,0,55,1,0,-537.0,0,0,0,0,1,0,1,1,0,0,1,1,0,0,1,1,0,0,0,0,0,0,0,0,0,0,0,0,0,0
4,527,-618.0,118,terminated,0,55,1,0,-618.0,0,0,0,0,1,0,1,1,0,0,1,1,0,0,1,1,0,0,0,0,0,0,0,0,0,0,0,0,0,0
4,528,-520.0,20,terminated,0,55,1,0,-520.0,0,0,0,0,1,0,1,1,0,0,1,1,0,0,1,1,0,0,0,0,0,0,0,0,0,0,0,0,0,0
4,529,-531.0,31,terminated,0,55,1,0,-531.0,0,0,0,0,1,0,1,1,0,0,1,1,0,0,1,1,0,0,0,0,0,0,0,0,0,0,0,0,0,0
4,530,-519.0,19,terminated,0,55,1,0,-519.0,0,0,0,0,1,0,1,1,0,0,1,1,0,0,1,1,0,0,0,0,0,0,0,0,0,0,0,0,0,0
4,531,-625.0,125,terminated,0,55,1,0,-625.0,0,0,0,0,1,0,1,1,0,0,1,1,0,0,1,1,0,0,0,0,0,0,0,0,0,0,0,0,0,0
4,532,-578.0,78,terminated,0,55,1,0,-578.0,0,0,0,0,1,0,1,1,0,0,1,1,0,0,1,1,0,0,0,0,0,0,0,0,0,0,0,0,0,0
4,533,-643.0,143,terminated,0,55,1,0,-643.0,0,0,0,0,1,0,1,1,0,0,1,1,0,0,1,1,0,0,0,0,0,0,0,0,0,0,0,0,0,0
4,534,-559.0,59,terminated,0,55,1,0,-559.0,0,0,0,0,1,0,1,1,0,0,1,1,0,0,1,1,0,0,0,0,0,0,0,0,0,0,0,0,0,0
4,535,-536.0,36,terminated,0,55,1,0,-536.0,0,0,0,0,1,0,1,1,0,0,1,1,0,0,1,1,0,0,0,0,0,0,0,0,0,0,0,0,0,0
4,536,-587.0,87,terminated,0,55,1,0,-587.0,0,0,0,0,1,0,1,1,0,0,1,1,0,0,1,1,0,0,0,0,0,0,0,0,0,0,0,0,0,0
4,537,-612.0,112,terminated,0,55,1,0,-612.0,0,0,0,0,1,0,1,1,0,0,1,1,0,0,1,1,0,0,0,0,0,0,0,0,0,0,0,0,0,0
4,538,-532.0,32,terminated,0,55,1,0,-532.0,0,0,0,0,1,0,1,1,0,0,1,1,0,0,1,1,0,0,0,0,0,0,0,0,0,0,0,0,0,0
4,539,-575.0,75,terminated,0,55,1,0,-575.0,0,0,0,0,1,0,1,1,0,0,1,1,0,0,1,1,0,0,0,0,0,0,0,0,0,0,0,0,0,0
4,540,-536.0,36,terminated,0,55,1,0,-536.0,0,0,0,0,1,0,1,1,0,0,1,1,0,0,1,1,0,0,0,0,0,0,0,0,0,0,0,0,0,0
4,541,-597.0,97,terminated,0,55,1,0,-597.0,0,0,0,0,1,0,1,1,0,0,1,1,0,0,1,1,0,0,0,0,0,0,0,0,0,0,0,0,0,0
4,542,-765.0,265,terminated,0,55,1,0,-765.0,0,0,0,0,1,0,1,1,0,0,1,1,0,0,1,1,0,0,0,0,0,0,0,0,0,0,0,0,0,0
4,543,-530.0,30,terminated,0,55,1,0,-530.0,0,0,0,0,1,0,1,1,0,0,1,1,0,0,1,1,0,0,0,0,0,0,0,0,0,0,0,0,0,0
4,544,-571.0,71,terminated,0,55,1,0,-571.0,0,0,0,0,1,0,1,1,0,0,1,1,0,0,1,1,0,0,0,0,0,0,0,0,0,0,0,0,0,0
4,545,-522.0,22,terminated,0,55,1,0,-522.0,0,0,0,0,1,0,1,1,0,0,1,1,0,0,1,1,0,0,0,0,0,0,0,0,0,0,0,0,0,0
4,546,-651.0,151,terminated,0,55,1,0,-651.0,0,0,0,0,1,0,1,1,0,0,1,1,0,0,1,1,0,0,0,0,0,0,0,0,0,0,0,0,0,0
4,547,-523.0,23,terminated,0,55,1,0,-523.0,0,0,0,0,1,0,1,1,0,0,1,1,0,0,1,1,0,0,0,0,0,0,0,0,0,0,0,0,0,0
4,548,-543.0,43,terminated,0,55,1,0,-543.0,0,0,0,0,1,0,1,1,0,0,1,1,0,0,1,1,0,0,0,0,0,0,0,0,0,0,0,0,0,0
4,549,-606.0,106,terminated,0,55,1,0,-606.0,0,0,0,0,1,0,1,1,0,0,1,1,0,0,1,1,0,0,0,0,0,0,0,0,0,0,0,0,0,0
4,550,-524.0,24,terminated,0,55,1,0,-524.0,0,0,0,0,1,0,1,1,0,0,1,1,0,0,1,1,0,0,0,0,0,0,0,0,0,0,0,0,0,0
4,551,-524.0,24,terminated,0,55,1,0,-524.0,0,0,0,0,1,0,1,1,0,0,1,1,0,0,1,1,0,0,0,0,0,0,0,0,0,0,0,0,0,0
4,552,-633.0,133,terminated,0,55,1,0,-633.0,0,0,0,0,1,0,1,1,0,0,1,1,0,0,1,1,0,0,0,0,0,0,0,0,0,0,0,0,0,0
4,553,-544.0,44,terminated,0,55,1,0,-544.0,0,0,0,0,1,0,1,1,0,0,1,1,0,0,1,1,0,0,0,0,0,0,0,0,0,0,0,0,0,0
4,554,-520.0,20,terminated,0,55,1,0,-520.0,0,0,0,0,1,0,1,1,0,0,1,1,0,0,1,1,0,0,0,0,0,0,0,0,0,0,0,0,0,0
4,555,-536.0,36,terminated,0,55,1,0,-536.0,0,0,0,0,1,0,1,1,0,0,1,1,0,0,1,1,0,0,0,0,0,0,0,0,0,0,0,0,0,0
4,556,-556.0,56,terminated,0,55,1,0,-556.0,0,0,0,0,1,0,1,1,0,0,1,1,0,0,1,1,0,0,0,0,0,0,0,0,0,0,0,0,0,0
4,557,-530.0,30,terminated,0,55,1,0,-530.0,0,0,0,0,1,0,1,1,0,0,1,1,0,0,1,1,0,0,0,0,0,0,0,0,0,0,0,0,0,0
4,558,-517.0,17,terminated,0,55,1,0,-517.0,0,0,0,0,1,0,1,1,0,0,1,1,0,0,1,1,0,0,0,0,0,0,0,0,0,0,0,0,0,0
4,559,-586.0,86,terminated,0,55,1,0,-586.0,0,0,0,0,1,0,1,1,0,0,1,1,0,0,1,1,0,0,0,0,0,0,0,0,0,0,0,0,0,0
4,560,-543.0,43,terminated,0,55,1,0,-543.0,0,0,0,0,1,0,1,1,0,0,1,1,0,0,1,1,0,0,0,0,0,0,0,0,0,0,0,0,0,0
4,561,-680.0,180,terminated,0,55,1,0,-680.0,0,0,0,0,1,0,1,1,0,0,1,1,0,0,1,1,0,0,0,0,0,0,0,0,0,0,0,0,0,0
4,562,-532.0,32,terminated,0,55,1,0,-532.0,0,0,0,0,1,0,1,1,0,0,1,1,0,0,1,1,0,0,0,0,0,0,0,0,0,0,0,0,0,0
4,563,-530.0,30,terminated,0,55,1,0,-530.0,0,0,0,0,1,0,1,1,0,0,1,1,0,0,1,1,0,0,0,0,0,0,0,0,0,0,0,0,0,0
4,564,-546.0,46,terminated,0,55,1,0,-546.0,0,0,0,0,1,0,1,1,0,0,1,1,0,0,1,1,0,0,0,0,0,0,0,0,0,0,0,0,0,0
4,565,-642.0,142,terminated,0,55,1,0,-642.0,0,0,0,0,1,0,1,1,0,0,1,1,0,0,1,1,0,0,0,0,0,0,0,0,0,0,0,0,0,0
4,566,-543.0,43,terminated,0,55,1,0,-543.0,0,0,0,0,1,0,1,1,0,0,1,1,0,0,1,1,0,0,0,0,0,0,0,0,0,0,0,0,0,0
4,567,-666.0,166,terminated,0,55,1,0,-666.0,0,0,0,0,1,0,1,1,0,0,1,1,0,0,1,1,0,0,0,0,0,0,0,0,0,0,0,0,0,0
4,568,-569.0,69,terminated,0,55,1,0,-569.0,0,0,0,0,1,0,1,1,0,0,1,1,0,0,1,1,0,0,0,0,0,0,0,0,0,0,0,0,0,0
4,569,-543.0,43,terminated,0,55,1,0,-543.0,0,0,0,0,1,0,1,1,0,0,1,1,0,0,1,1,0,0,0,0,0,0,0,0,0,0,0,0,0,0
4,570,-571.0,71,terminated,0,55,1,0,-571.0,0,0,0,0,1,0,1,1,0,0,1,1,0,0,1,1,0,0,0,0,0,0,0,0,0,0,0,0,0,0
4,571,-535.0,35,terminated,0,55,1,0,-535.0,0,0,0,0,1,0,1,1,0,0,1,1,0,0,1,1,0,0,0,0,0,0,0,0,0,0,0,0,0,0
4,572,-522.0,22,terminated,0,55,1,0,-522.0,0,0,0,0,1,0,1,1,0,0,1,1,0,0,1,1,0,0,0,0,0,0,0,0,0,0,0,0,0,0
4,573,-581.0,81,terminated,0,55,1,0,-581.0,0,0,0,0,1,0,1,1,0,0,1,1,0,0,1,1,0,0,0,0,0,0,0,0,0,0,0,0,0,0
4,574,-582.0,82,terminated,0,55,1,0,-582.0,0,0,0,0,1,0,1,1,0,0,1,1,0,0,1,1,0,0,0,0,0,0,0,0,0,0,0,0,0,0
4,575,-529.0,29,terminated,0,55,1,0,-529.0,0,0,0,0,1,0,1,1,0,0,1,1,0,0,1,1,0,0,0,0,0,0,0,0,0,0,0,0,0,0
4,576,-524.0,24,terminated,0,55,1,0,-524.0,0,0,0,0,1,0,1,1,0,0,1,1,0,0,1,1,0,0,0,0,0,0,0,0,0,0,0,0,0,0
4,577,-567.0,67,terminated,0,55,1,0,-567.0,0,0,0,0,1,0,1,1,0,0,1,1,0,0,1,1,0,0,0,0,0,0,0,0,0,0,0,0,0,0
4,578,-612.0,112,terminated,0,55,1,0,-612.0,0,0,0,0,1,0,1,1,0,0,1,1,0,0,1,1,0,0,0,0,0,0,0,0,0,0,0,0,0,0
4,579,-651.0,151,terminated,0,55,1,0,-651.0,0,0,0,0,1,0,1,1,0,0,1,1,0,0,1,1,0,0,0,0,0,0,0,0,0,0,0,0,0,0
4,580,-528.0,28,terminated,0,55,1,0,-528.0,0,0,0,0,1,0,1,1,0,0,1,1,0,0,1,1,0,0,0,0,0,0,0,0,0,0,0,0,0,0
4,581,-580.0,80,terminated,0,55,1,0,-580.0,0,0,0,0,1,0,1,1,0,0,1,1,0,0,1,1,0,0,0,0,0,0,0,0,0,0,0,0,0,0
4,582,-601.0,101,terminated,0,55,1,0,-601.0,0,0,0,0,1,0,1,1,0,0,1,1,0,0,1,1,0,0,0,0,0,0,0,0,0,0,0,0,0,0
4,583,-679.0,179,terminated,0,55,1,0,-679.0,0,0,0,0,1,0,1,1,0,0,1,1,0,0,1,1,0,0,0,0,0,0,0,0,0,0,0,0,0,0
4,584,-544.0,44,terminated,0,55,1,0,-544.0,0,0,0,0,1,0,1,1,0,0,1,1,0,0,1,1,0,0,0,0,0,0,0,0,0,0,0,0,0,0
4,585,-535.0,35,terminated,0,55,1,0,-535.0,0,0,0,0,1,0,1,1,0,0,1,1,0,0,1,1,0,0,0,0,0,0,0,0,0,0,0,0,0,0
4,586,-534.0,34,terminated,0,55,1,0,-534.0,0,0,0,0,1,0,1,1,0,0,1,1,0,0,1,1,0,0,0,0,0,0,0,0,0,0,0,0,0,0
4,587,-523.0,23,terminated,0,55,1,0,-523.0,0,0,0,0,1,0,1,1,0,0,1,1,0,0,1,1,0,0,0,0,0,0,0,0,0,0,0,0,0,0
4,588,-537.0,37,terminated,0,55,1,0,-537.0,0,0,0,0,1,0,1,1,0,0,1,1,0,0,1,1,0,0,0,0,0,0,0,0,0,0,0,0,0,0
4,589,-527.0,27,terminated,0,55,1,0,-527.0,0,0,0,0,1,0,1,1,0,0,1,1,0,0,1,1,0,0,0,0,0,0,0,0,0,0,0,0,0,0
4,590,-620.0,120,terminated,0,55,1,0,-620.0,0,0,0,0,1,0,1,1,0,0,1,1,0,0,1,1,0,0,0,0,0,0,0,0,0,0,0,0,0,0
4,591,-519.0,19,terminated,0,55,1,0,-519.0,0,0,0,0,1,0,1,1,0,0,1,1,0,0,1,1,0,0,0,0,0,0,0,0,0,0,0,0,0,0
4,592,-522.0,22,terminated,0,55,1,0,-522.0,0,0,0,0,1,0,1,1,0,0,1,1,0,0,1,1,0,0,0,0,0,0,0,0,0,0,0,0,0,0
4,593,-520.0,20,terminated,0,55,1,0,-520.0,0,0,0,0,1,0,1,1,0,0,1,1,0,0,1,1,0,0,0,0,0,0,0,0,0,0,0,0,0,0
4,594,-537.0,37,terminated,0,55,1,0,-537.0,0,0,0,0,1,0,1,1,0,0,1,1,0,0,1,1,0,0,0,0,0,0,0,0,0,0,0,0,0,0
4,595,-532.0,32,terminated,0,55,1,0,-532.0,0,0,0,0,1,0,1,1,0,0,1,1,0,0,1,1,0,0,0,0,0,0,0,0,0,0,0,0,0,0
4,596,-527.0,27,terminated,0,55,1,0,-527.0,0,0,0,0,1,0,1,1,0,0,1,1,0,0,1,1,0,0,0,0,0,0,0,0,0,0,0,0,0,0
4,597,-536.0,36,terminated,0,55,1,0,-536.0,0,0,0,0,1,0,1,1,0,0,1,1,0,0,1,1,0,0,0,0,0,0,0,0,0,0,0,0,0,0
4,598,-523.0,23,terminated,0,55,1,0,-523.0,0,0,0,0,1,0,1,1,0,0,1,1,0,0,1,1,0,0,0,0,0,0,0,0,0,0,0,0,0,0
4,599,-538.0,38,terminated,0,55,1,0,-538.0,0,0,0,0,1,0,1,1,0,0,1,1,0,0,1,1,0,0,0,0,0,0,0,0,0,0,0,0,0,0
4,600,-560.0,60,terminated,0,55,1,0,-560.0,0,0,0,0,1,0,1,1,0,0,1,1,0,0,1,1,0,0,0,0,0,0,0,0,0,0,0,0,0,0
4,601,-538.0,38,terminated,0,55,1,0,-538.0,0,0,0,0,1,0,1,1,0,0,1,1,0,0,1,1,0,0,0,0,0,0,0,0,0,0,0,0,0,0
4,602,-544.0,44,terminated,0,55,1,0,-544.0,0,0,0,0,1,0,1,1,0,0,1,1,0,0,1,1,0,0,0,0,0,0,0,0,0,0,0,0,0,0
4,603,-720.0,220,terminated,0,55,1,0,-720.0,0,0,0,0,1,0,1,1,0,0,1,1,0,0,1,1,0,0,0,0,0,0,0,0,0,0,0,0,0,0
4,604,-529.0,29,terminated,0,55,1,0,-529.0,0,0,0,0,1,0,1,1,0,0,1,1,0,0,1,1,0,0,0,0,0,0,0,0,0,0,0,0,0,0
4,605,-521.0,21,terminated,0,55,1,0,-521.0,0,0,0,0,1,0,1,1,0,0,1,1,0,0,1,1,0,0,0,0,0,0,0,0,0,0,0,0,0,0
4,606,-628.0,128,terminated,0,55,1,0,-628.0,0,0,0,0,1,0,1,1,0,0,1,1,0,0,1,1,0,0,0,0,0,0,0,0,0,0,0,0,0,0
4,607,-562.0,62,terminated,0,55,1,0,-562.0,0,0,0,0,1,0,1,1,0,0,1,1,0,0,1,1,0,0,0,0,0,0,0,0,0,0,0,0,0,0
4,608,-700.0,200,terminated,0,55,1,0,-700.0,0,0,0,0,1,0,1,1,0,0,1,1,0,0,1,1,0,0,0,0,0,0,0,0,0,0,0,0,0,0
4,609,-520.0,20,terminated,0,55,1,0,-520.0,0,0,0,0,1,0,1,1,0,0,1,1,0,0,1,1,0,0,0,0,0,0,0,0,0,0,0,0,0,0
4,610,-529.0,29,terminated,0,55,1,0,-529.0,0,0,0,0,1,0,1,1,0,0,1,1,0,0,1,1,0,0,0,0,0,0,0,0,0,0,0,0,0,0
4,611,-536.0,36,terminated,0,55,1,0,-536.0,0,0,0,0,1,0,1,1,0,0,1,1,0,0,1,1,0,0,0,0,0,0,0,0,0,0,0,0,0,0
4,612,-524.0,24,terminated,0,55,1,0,-524.0,0,0,0,0,1,0,1,1,0,0,1,1,0,0,1,1,0,0,0,0,0,0,0,0,0,0,0,0,0,0
4,613,-547.0,47,terminated,0,55,1,0,-547.0,0,0,0,0,1,0,1,1,0,0,1,1,0,0,1,1,0,0,0,0,0,0,0,0,0,0,0,0,0,0
4,614,-532.0,32,terminated,0,55,1,0,-532.0,0,0,0,0,1,0,1,1,0,0,1,1,0,0,1,1,0,0,0,0,0,0,0,0,0,0,0,0,0,0
4,615,-558.0,58,terminated,0,55,1,0,-558.0,0,0,0,0,1,0,1,1,0,0,1,1,0,0,1,1,0,0,0,0,0,0,0,0,0,0,0,0,0,0
4,616,-548.0,48,terminated,0,55,1,0,-548.0,0,0,0,0,1,0,1,1,0,0,1,1,0,0,1,1,0,0,0,0,0,0,0,0,0,0,0,0,0,0
4,617,-524.0,24,terminated,0,55,1,0,-524.0,0,0,0,0,1,0,1,1,0,0,1,1,0,0,1,1,0,0,0,0,0,0,0,0,0,0,0,0,0,0
4,618,-536.0,36,terminated,0,55,1,0,-536.0,0,0,0,0,1,0,1,1,0,0,1,1,0,0,1,1,0,0,0,0,0,0,0,0,0,0,0,0,0,0
4,619,-568.0,68,terminated,0,55,1,0,-568.0,0,0,0,0,1,0,1,1,0,0,1,1,0,0,1,1,0,0,0,0,0,0,0,0,0,0,0,0,0,0
4,620,-535.0,35,terminated,0,55,1,0,-535.0,0,0,0,0,1,0,1,1,0,0,1,1,0,0,1,1,0,0,0,0,0,0,0,0,0,0,0,0,0,0
4,621,-650.0,150,terminated,0,55,1,0,-650.0,0,0,0,0,1,0,1,1,0,0,1,1,0,0,1,1,0,0,0,0,0,0,0,0,0,0,0,0,0,0
4,622,-745.0,245,terminated,0,55,1,0,-745.0,0,0,0,0,1,0,1,1,0,0,1,1,0,0,1,1,0,0,0,0,0,0,0,0,0,0,0,0,0,0
4,623,-523.0,23,terminated,0,55,1,0,-523.0,0,0,0,0,1,0,1,1,0,0,1,1,0,0,1,1,0,0,0,0,0,0,0,0,0,0,0,0,0,0
4,624,-580.0,80,terminated,0,55,1,0,-580.0,0,0,0,0,1,0,1,1,0,0,1,1,0,0,1,1,0,0,0,0,0,0,0,0,0,0,0,0,0,0
4,625,-517.0,17,terminated,0,55,1,0,-517.0,0,0,0,0,1,0,1,1,0,0,1,1,0,0,1,1,0,0,0,0,0,0,0,0,0,0,0,0,0,0
4,626,-519.0,19,terminated,0,55,1,0,-519.0,0,0,0,0,1,0,1,1,0,0,1,1,0,0,1,1,0,0,0,0,0,0,0,0,0,0,0,0,0,0
4,627,-606.0,106,terminated,0,55,1,0,-606.0,0,0,0,0,1,0,1,1,0,0,1,1,0,0,1,1,0,0,0,0,0,0,0,0,0,0,0,0,0,0
4,628,-300.0,300,truncated,0,55,0,0,-300.0,0,0,0,0,0,0,0,0,0,0,0,0,0,0,0,0,0,0,0,0,0,0,0,0,0,0,0,0,0,0
4,629,-543.0,43,terminated,0,55,1,0,-543.0,0,0,0,0,1,0,1,1,0,0,1,1,0,0,1,1,0,0,0,0,0,0,0,0,0,0,0,0,0,0
4,630,-554.0,54,terminated,0,55,1,0,-554.0,0,0,0,0,1,0,1,1,0,0,1,1,0,0,1,1,0,0,0,0,0,0,0,0,0,0,0,0,0,0
4,631,-544.0,44,terminated,0,55,1,0,-544.0,0,0,0,0,1,0,1,1,0,0,1,1,0,0,1,1,0,0,0,0,0,0,0,0,0,0,0,0,0,0
4,632,-520.0,20,terminated,0,55,1,0,-520.0,0,0,0,0,1,0,1,1,0,0,1,1,0,0,1,1,0,0,0,0,0,0,0,0,0,0,0,0,0,0
4,633,-549.0,49,terminated,0,55,1,0,-549.0,0,0,0,0,1,0,1,1,0,0,1,1,0,0,1,1,0,0,0,0,0,0,0,0,0,0,0,0,0,0
4,634,-584.0,84,terminated,0,55,1,0,-584.0,0,0,0,0,1,0,1,1,0,0,1,1,0,0,1,1,0,0,0,0,0,0,0,0,0,0,0,0,0,0
4,635,-542.0,42,terminated,0,55,1,0,-542.0,0,0,0,0,1,0,1,1,0,0,1,1,0,0,1,1,0,0,0,0,0,0,0,0,0,0,0,0,0,0
4,636,-595.0,95,terminated,0,55,1,0,-595.0,0,0,0,0,1,0,1,1,0,0,1,1,0,0,1,1,0,0,0,0,0,0,0,0,0,0,0,0,0,0
4,637,-544.0,44,terminated,0,55,1,0,-544.0,0,0,0,0,1,0,1,1,0,0,1,1,0,0,1,1,0,0,0,0,0,0,0,0,0,0,0,0,0,0
4,638,-603.0,103,terminated,0,55,1,0,-603.0,0,0,0,0,1,0,1,1,0,0,1,1,0,0,1,1,0,0,0,0,0,0,0,0,0,0,0,0,0,0
4,639,-523.0,23,terminated,0,55,1,0,-523.0,0,0,0,0,1,0,1,1,0,0,1,1,0,0,1,1,0,0,0,0,0,0,0,0,0,0,0,0,0,0
4,640,-515.0,15,terminated,0,55,1,0,-515.0,0,0,0,0,1,0,1,1,0,0,1,1,0,0,1,1,0,0,0,0,0,0,0,0,0,0,0,0,0,0
4,641,-523.0,23,terminated,0,55,1,0,-523.0,0,0,0,0,1,0,1,1,0,0,1,1,0,0,1,1,0,0,0,0,0,0,0,0,0,0,0,0,0,0
4,642,-667.0,167,terminated,0,55,1,0,-667.0,0,0,0,0,1,0,1,1,0,0,1,1,0,0,1,1,0,0,0,0,0,0,0,0,0,0,0,0,0,0
4,643,-545.0,45,terminated,0,55,1,0,-545.0,0,0,0,0,1,0,1,1,0,0,1,1,0,0,1,1,0,0,0,0,0,0,0,0,0,0,0,0,0,0
4,644,-564.0,64,terminated,0,55,1,0,-564.0,0,0,0,0,1,0,1,1,0,0,1,1,0,0,1,1,0,0,0,0,0,0,0,0,0,0,0,0,0,0
4,645,-620.0,120,terminated,0,55,1,0,-620.0,0,0,0,0,1,0,1,1,0,0,1,1,0,0,1,1,0,0,0,0,0,0,0,0,0,0,0,0,0,0
4,646,-532.0,32,terminated,0,55,1,0,-532.0,0,0,0,0,1,0,1,1,0,0,1,1,0,0,1,1,0,0,0,0,0,0,0,0,0,0,0,0,0,0
4,647,-518.0,18,terminated,0,55,1,0,-518.0,0,0,0,0,1,0,1,1,0,0,1,1,0,0,1,1,0,0,0,0,0,0,0,0,0,0,0,0,0,0
4,648,-563.0,63,terminated,0,55,1,0,-563.0,0,0,0,0,1,0,1,1,0,0,1,1,0,0,1,1,0,0,0,0,0,0,0,0,0,0,0,0,0,0
4,649,-581.0,81,terminated,0,55,1,0,-581.0,0,0,0,0,1,0,1,1,0,0,1,1,0,0,1,1,0,0,0,0,0,0,0,0,0,0,0,0,0,0
4,650,-526.0,26,terminated,0,55,1,0,-526.0,0,0,0,0,1,0,1,1,0,0,1,1,0,0,1,1,0,0,0,0,0,0,0,0,0,0,0,0,0,0
4,651,-612.0,112,terminated,0,55,1,0,-612.0,0,0,0,0,1,0,1,1,0,0,1,1,0,0,1,1,0,0,0,0,0,0,0,0,0,0,0,0,0,0
4,652,-523.0,23,terminated,0,55,1,0,-523.0,0,0,0,0,1,0,1,1,0,0,1,1,0,0,1,1,0,0,0,0,0,0,0,0,0,0,0,0,0,0
4,653,-536.0,36,terminated,0,55,1,0,-536.0,0,0,0,0,1,0,1,1,0,0,1,1,0,0,1,1,0,0,0,0,0,0,0,0,0,0,0,0,0,0
4,654,-558.0,58,terminated,0,55,1,0,-558.0,0,0,0,0,1,0,1,1,0,0,1,1,0,0,1,1,0,0,0,0,0,0,0,0,0,0,0,0,0,0
4,655,-604.0,104,terminated,0,55,1,0,-604.0,0,0,0,0,1,0,1,1,0,0,1,1,0,0,1,1,0,0,0,0,0,0,0,0,0,0,0,0,0,0
4,656,-539.0,39,terminated,0,55,1,0,-539.0,0,0,0,0,1,0,1,1,0,0,1,1,0,0,1,1,0,0,0,0,0,0,0,0,0,0,0,0,0,0
4,657,-647.0,147,terminated,0,55,1,0,-647.0,0,0,0,0,1,0,1,1,0,0,1,1,0,0,1,1,0,0,0,0,0,0,0,0,0,0,0,0,0,0
4,658,-604.0,104,terminated,0,55,1,0,-604.0,0,0,0,0,1,0,1,1,0,0,1,1,0,0,1,1,0,0,0,0,0,0,0,0,0,0,0,0,0,0
4,659,-515.0,15,terminated,0,55,1,0,-515.0,0,0,0,0,1,0,1,1,0,0,1,1,0,0,1,1,0,0,0,0,0,0,0,0,0,0,0,0,0,0
4,660,-647.0,147,terminated,0,55,1,0,-647.0,0,0,0,0,1,0,1,1,0,0,1,1,0,0,1,1,0,0,0,0,0,0,0,0,0,0,0,0,0,0
4,661,-300.0,300,truncated,0,55,0,0,-300.0,0,0,0,0,0,0,0,0,0,0,0,0,0,0,0,0,0,0,0,0,0,0,0,0,0,0,0,0,0,0
4,662,-531.0,31,terminated,0,55,1,0,-531.0,0,0,0,0,1,0,1,1,0,0,1,1,0,0,1,1,0,0,0,0,0,0,0,0,0,0,0,0,0,0
4,663,-525.0,25,terminated,0,55,1,0,-525.0,0,0,0,0,1,0,1,1,0,0,1,1,0,0,1,1,0,0,0,0,0,0,0,0,0,0,0,0,0,0
4,664,-561.0,61,terminated,0,55,1,0,-561.0,0,0,0,0,1,0,1,1,0,0,1,1,0,0,1,1,0,0,0,0,0,0,0,0,0,0,0,0,0,0
4,665,-567.0,67,terminated,0,55,1,0,-567.0,0,0,0,0,1,0,1,1,0,0,1,1,0,0,1,1,0,0,0,0,0,0,0,0,0,0,0,0,0,0
4,666,-540.0,40,terminated,0,55,1,0,-540.0,0,0,0,0,1,0,1,1,0,0,1,1,0,0,1,1,0,0,0,0,0,0,0,0,0,0,0,0,0,0
4,667,-523.0,23,terminated,0,55,1,0,-523.0,0,0,0,0,1,0,1,1,0,0,1,1,0,0,1,1,0,0,0,0,0,0,0,0,0,0,0,0,0,0
4,668,-655.0,155,terminated,0,55,1,0,-655.0,0,0,0,0,1,0,1,1,0,0,1,1,0,0,1,1,0,0,0,0,0,0,0,0,0,0,0,0,0,0
4,669,-567.0,67,terminated,0,55,1,0,-567.0,0,0,0,0,1,0,1,1,0,0,1,1,0,0,1,1,0,0,0,0,0,0,0,0,0,0,0,0,0,0
4,670,-527.0,27,terminated,0,55,1,0,-527.0,0,0,0,0,1,0,1,1,0,0,1,1,0,0,1,1,0,0,0,0,0,0,0,0,0,0,0,0,0,0
4,671,-525.0,25,terminated,0,55,1,0,-525.0,0,0,0,0,1,0,1,1,0,0,1,1,0,0,1,1,0,0,0,0,0,0,0,0,0,0,0,0,0,0
4,672,-523.0,23,terminated,0,55,1,0,-523.0,0,0,0,0,1,0,1,1,0,0,1,1,0,0,1,1,0,0,0,0,0,0,0,0,0,0,0,0,0,0
4,673,-526.0,26,terminated,0,55,1,0,-526.0,0,0,0,0,1,0,1,1,0,0,1,1,0,0,1,1,0,0,0,0,0,0,0,0,0,0,0,0,0,0
4,674,-517.0,17,terminated,0,55,1,0,-517.0,0,0,0,0,1,0,1,1,0,0,1,1,0,0,1,1,0,0,0,0,0,0,0,0,0,0,0,0,0,0
4,675,-515.0,15,terminated,0,55,1,0,-515.0,0,0,0,0,1,0,1,1,0,0,1,1,0,0,1,1,0,0,0,0,0,0,0,0,0,0,0,0,0,0
4,676,-527.0,27,terminated,0,55,1,0,-527.0,0,0,0,0,1,0,1,1,0,0,1,1,0,0,1,1,0,0,0,0,0,0,0,0,0,0,0,0,0,0
4,677,-522.0,22,terminated,0,55,1,0,-522.0,0,0,0,0,1,0,1,1,0,0,1,1,0,0,1,1,0,0,0,0,0,0,0,0,0,0,0,0,0,0
4,678,-570.0,70,terminated,0,55,1,0,-570.0,0,0,0,0,1,0,1,1,0,0,1,1,0,0,1,1,0,0,0,0,0,0,0,0,0,0,0,0,0,0
4,679,-590.0,90,terminated,0,55,1,0,-590.0,0,0,0,0,1,0,1,1,0,0,1,1,0,0,1,1,0,0,0,0,0,0,0,0,0,0,0,0,0,0
4,680,-518.0,18,terminated,0,55,1,0,-518.0,0,0,0,0,1,0,1,1,0,0,1,1,0,0,1,1,0,0,0,0,0,0,0,0,0,0,0,0,0,0
4,681,-533.0,33,terminated,0,55,1,0,-533.0,0,0,0,0,1,0,1,1,0,0,1,1,0,0,1,1,0,0,0,0,0,0,0,0,0,0,0,0,0,0
4,682,-552.0,52,terminated,0,55,1,0,-552.0,0,0,0,0,1,0,1,1,0,0,1,1,0,0,1,1,0,0,0,0,0,0,0,0,0,0,0,0,0,0
4,683,-518.0,18,terminated,0,55,1,0,-518.0,0,0,0,0,1,0,1,1,0,0,1,1,0,0,1,1,0,0,0,0,0,0,0,0,0,0,0,0,0,0
4,684,-521.0,21,terminated,0,55,1,0,-521.0,0,0,0,0,1,0,1,1,0,0,1,1,0,0,1,1,0,0,0,0,0,0,0,0,0,0,0,0,0,0
4,685,-517.0,17,terminated,0,55,1,0,-517.0,0,0,0,0,1,0,1,1,0,0,1,1,0,0,1,1,0,0,0,0,0,0,0,0,0,0,0,0,0,0
4,686,-515.0,15,terminated,0,55,1,0,-515.0,0,0,0,0,1,0,1,1,0,0,1,1,0,0,1,1,0,0,0,0,0,0,0,0,0,0,0,0,0,0
4,687,-582.0,82,terminated,0,55,1,0,-582.0,0,0,0,0,1,0,1,1,0,0,1,1,0,0,1,1,0,0,0,0,0,0,0,0,0,0,0,0,0,0
4,688,-520.0,20,terminated,0,55,1,0,-520.0,0,0,0,0,1,0,1,1,0,0,1,1,0,0,1,1,0,0,0,0,0,0,0,0,0,0,0,0,0,0
4,689,-665.0,165,terminated,0,55,1,0,-665.0,0,0,0,0,1,0,1,1,0,0,1,1,0,0,1,1,0,0,0,0,0,0,0,0,0,0,0,0,0,0
4,690,-615.0,115,terminated,0,55,1,0,-615.0,0,0,0,0,1,0,1,1,0,0,1,1,0,0,1,1,0,0,0,0,0,0,0,0,0,0,0,0,0,0
4,691,-547.0,47,terminated,0,55,1,0,-547.0,0,0,0,0,1,0,1,1,0,0,1,1,0,0,1,1,0,0,0,0,0,0,0,0,0,0,0,0,0,0
4,692,-550.0,50,terminated,0,55,1,0,-550.0,0,0,0,0,1,0,1,1,0,0,1,1,0,0,1,1,0,0,0,0,0,0,0,0,0,0,0,0,0,0
4,693,-526.0,26,terminated,0,55,1,0,-526.0,0,0,0,0,1,0,1,1,0,0,1,1,0,0,1,1,0,0,0,0,0,0,0,0,0,0,0,0,0,0
4,694,-528.0,28,terminated,0,55,1,0,-528.0,0,0,0,0,1,0,1,1,0,0,1,1,0,0,1,1,0,0,0,0,0,0,0,0,0,0,0,0,0,0
4,695,-556.0,56,terminated,0,55,1,0,-556.0,0,0,0,0,1,0,1,1,0,0,1,1,0,0,1,1,0,0,0,0,0,0,0,0,0,0,0,0,0,0
4,696,-519.0,19,terminated,0,55,1,0,-519.0,0,0,0,0,1,0,1,1,0,0,1,1,0,0,1,1,0,0,0,0,0,0,0,0,0,0,0,0,0,0
4,697,-548.0,48,terminated,0,55,1,0,-548.0,0,0,0,0,1,0,1,1,0,0,1,1,0,0,1,1,0,0,0,0,0,0,0,0,0,0,0,0,0,0
4,698,-541.0,41,terminated,0,55,1,0,-541.0,0,0,0,0,1,0,1,1,0,0,1,1,0,0,1,1,0,0,0,0,0,0,0,0,0,0,0,0,0,0
4,699,-568.0,68,terminated,0,55,1,0,-568.0,0,0,0,0,1,0,1,1,0,0,1,1,0,0,1,1,0,0,0,0,0,0,0,0,0,0,0,0,0,0
4,700,-603.0,103,terminated,0,55,1,0,-603.0,0,0,0,0,1,0,1,1,0,0,1,1,0,0,1,1,0,0,0,0,0,0,0,0,0,0,0,0,0,0
4,701,-530.0,30,terminated,0,55,1,0,-530.0,0,0,0,0,1,0,1,1,0,0,1,1,0,0,1,1,0,0,0,0,0,0,0,0,0,0,0,0,0,0
4,702,-692.0,192,terminated,0,55,1,0,-692.0,0,0,0,0,1,0,1,1,0,0,1,1,0,0,1,1,0,0,0,0,0,0,0,0,0,0,0,0,0,0
4,703,-566.0,66,terminated,0,55,1,0,-566.0,0,0,0,0,1,0,1,1,0,0,1,1,0,0,1,1,0,0,0,0,0,0,0,0,0,0,0,0,0,0
4,704,-584.0,84,terminated,0,55,1,0,-584.0,0,0,0,0,1,0,1,1,0,0,1,1,0,0,1,1,0,0,0,0,0,0,0,0,0,0,0,0,0,0
4,705,-518.0,18,terminated,0,55,1,0,-518.0,0,0,0,0,1,0,1,1,0,0,1,1,0,0,1,1,0,0,0,0,0,0,0,0,0,0,0,0,0,0
4,706,-562.0,62,terminated,0,55,1,0,-562.0,0,0,0,0,1,0,1,1,0,0,1,1,0,0,1,1,0,0,0,0,0,0,0,0,0,0,0,0,0,0
4,707,-548.0,48,terminated,0,55,1,0,-548.0,0,0,0,0,1,0,1,1,0,0,1,1,0,0,1,1,0,0,0,0,0,0,0,0,0,0,0,0,0,0
4,708,-541.0,41,terminated,0,55,1,0,-541.0,0,0,0,0,1,0,1,1,0,0,1,1,0,0,1,1,0,0,0,0,0,0,0,0,0,0,0,0,0,0
4,709,-535.0,35,terminated,0,55,1,0,-535.0,0,0,0,0,1,0,1,1,0,0,1,1,0,0,1,1,0,0,0,0,0,0,0,0,0,0,0,0,0,0
4,710,-529.0,29,terminated,0,55,1,0,-529.0,0,0,0,0,1,0,1,1,0,0,1,1,0,0,1,1,0,0,0,0,0,0,0,0,0,0,0,0,0,0
4,711,-517.0,17,terminated,0,55,1,0,-517.0,0,0,0,0,1,0,1,1,0,0,1,1,0,0,1,1,0,0,0,0,0,0,0,0,0,0,0,0,0,0
4,712,-564.0,64,terminated,0,55,1,0,-564.0,0,0,0,0,1,0,1,1,0,0,1,1,0,0,1,1,0,0,0,0,0,0,0,0,0,0,0,0,0,0
4,713,-526.0,26,terminated,0,55,1,0,-526.0,0,0,0,0,1,0,1,1,0,0,1,1,0,0,1,1,0,0,0,0,0,0,0,0,0,0,0,0,0,0
4,714,-580.0,80,terminated,0,55,1,0,-580.0,0,0,0,0,1,0,1,1,0,0,1,1,0,0,1,1,0,0,0,0,0,0,0,0,0,0,0,0,0,0
4,715,-627.0,127,terminated,0,55,1,0,-627.0,0,0,0,0,1,0,1,1,0,0,1,1,0,0,1,1,0,0,0,0,0,0,0,0,0,0,0,0,0,0
4,716,-539.0,39,terminated,0,55,1,0,-539.0,0,0,0,0,1,0,1,1,0,0,1,1,0,0,1,1,0,0,0,0,0,0,0,0,0,0,0,0,0,0
4,717,-534.0,34,terminated,0,55,1,0,-534.0,0,0,0,0,1,0,1,1,0,0,1,1,0,0,1,1,0,0,0,0,0,0,0,0,0,0,0,0,0,0
4,718,-611.0,111,terminated,0,55,1,0,-611.0,0,0,0,0,1,0,1,1,0,0,1,1,0,0,1,1,0,0,0,0,0,0,0,0,0,0,0,0,0,0
4,719,-578.0,78,terminated,0,55,1,0,-578.0,0,0,0,0,1,0,1,1,0,0,1,1,0,0,1,1,0,0,0,0,0,0,0,0,0,0,0,0,0,0
4,720,-527.0,27,terminated,0,55,1,0,-527.0,0,0,0,0,1,0,1,1,0,0,1,1,0,0,1,1,0,0,0,0,0,0,0,0,0,0,0,0,0,0
4,721,-570.0,70,terminated,0,55,1,0,-570.0,0,0,0,0,1,0,1,1,0,0,1,1,0,0,1,1,0,0,0,0,0,0,0,0,0,0,0,0,0,0
4,722,-516.0,16,terminated,0,55,1,0,-516.0,0,0,0,0,1,0,1,1,0,0,1,1,0,0,1,1,0,0,0,0,0,0,0,0,0,0,0,0,0,0
4,723,-533.0,33,terminated,0,55,1,0,-533.0,0,0,0,0,1,0,1,1,0,0,1,1,0,0,1,1,0,0,0,0,0,0,0,0,0,0,0,0,0,0
4,724,-613.0,113,terminated,0,55,1,0,-613.0,0,0,0,0,1,0,1,1,0,0,1,1,0,0,1,1,0,0,0,0,0,0,0,0,0,0,0,0,0,0
4,725,-570.0,70,terminated,0,55,1,0,-570.0,0,0,0,0,1,0,1,1,0,0,1,1,0,0,1,1,0,0,0,0,0,0,0,0,0,0,0,0,0,0
4,726,-530.0,30,terminated,0,55,1,0,-530.0,0,0,0,0,1,0,1,1,0,0,1,1,0,0,1,1,0,0,0,0,0,0,0,0,0,0,0,0,0,0
4,727,-535.0,35,terminated,0,55,1,0,-535.0,0,0,0,0,1,0,1,1,0,0,1,1,0,0,1,1,0,0,0,0,0,0,0,0,0,0,0,0,0,0
4,728,-604.0,104,terminated,0,55,1,0,-604.0,0,0,0,0,1,0,1,1,0,0,1,1,0,0,1,1,0,0,0,0,0,0,0,0,0,0,0,0,0,0
4,729,-525.0,25,terminated,0,55,1,0,-525.0,0,0,0,0,1,0,1,1,0,0,1,1,0,0,1,1,0,0,0,0,0,0,0,0,0,0,0,0,0,0
4,730,-520.0,20,terminated,0,55,1,0,-520.0,0,0,0,0,1,0,1,1,0,0,1,1,0,0,1,1,0,0,0,0,0,0,0,0,0,0,0,0,0,0
4,731,-516.0,16,terminated,0,55,1,0,-516.0,0,0,0,0,1,0,1,1,0,0,1,1,0,0,1,1,0,0,0,0,0,0,0,0,0,0,0,0,0,0
4,732,-569.0,69,terminated,0,55,1,0,-569.0,0,0,0,0,1,0,1,1,0,0,1,1,0,0,1,1,0,0,0,0,0,0,0,0,0,0,0,0,0,0
4,733,-558.0,58,terminated,0,55,1,0,-558.0,0,0,0,0,1,0,1,1,0,0,1,1,0,0,1,1,0,0,0,0,0,0,0,0,0,0,0,0,0,0
4,734,-523.0,23,terminated,0,55,1,0,-523.0,0,0,0,0,1,0,1,1,0,0,1,1,0,0,1,1,0,0,0,0,0,0,0,0,0,0,0,0,0,0
4,735,-662.0,162,terminated,0,55,1,0,-662.0,0,0,0,0,1,0,1,1,0,0,1,1,0,0,1,1,0,0,0,0,0,0,0,0,0,0,0,0,0,0
4,736,-633.0,133,terminated,0,55,1,0,-633.0,0,0,0,0,1,0,1,1,0,0,1,1,0,0,1,1,0,0,0,0,0,0,0,0,0,0,0,0,0,0
4,737,-549.0,49,terminated,0,55,1,0,-549.0,0,0,0,0,1,0,1,1,0,0,1,1,0,0,1,1,0,0,0,0,0,0,0,0,0,0,0,0,0,0
4,738,-585.0,85,terminated,0,55,1,0,-585.0,0,0,0,0,1,0,1,1,0,0,1,1,0,0,1,1,0,0,0,0,0,0,0,0,0,0,0,0,0,0
4,739,-533.0,33,terminated,0,55,1,0,-533.0,0,0,0,0,1,0,1,1,0,0,1,1,0,0,1,1,0,0,0,0,0,0,0,0,0,0,0,0,0,0
4,740,-600.0,100,terminated,0,55,1,0,-600.0,0,0,0,0,1,0,1,1,0,0,1,1,0,0,1,1,0,0,0,0,0,0,0,0,0,0,0,0,0,0
4,741,-540.0,40,terminated,0,55,1,0,-540.0,0,0,0,0,1,0,1,1,0,0,1,1,0,0,1,1,0,0,0,0,0,0,0,0,0,0,0,0,0,0
4,742,-582.0,82,terminated,0,55,1,0,-582.0,0,0,0,0,1,0,1,1,0,0,1,1,0,0,1,1,0,0,0,0,0,0,0,0,0,0,0,0,0,0
4,743,-610.0,110,terminated,0,55,1,0,-610.0,0,0,0,0,1,0,1,1,0,0,1,1,0,0,1,1,0,0,0,0,0,0,0,0,0,0,0,0,0,0
4,744,-531.0,31,terminated,0,55,1,0,-531.0,0,0,0,0,1,0,1,1,0,0,1,1,0,0,1,1,0,0,0,0,0,0,0,0,0,0,0,0,0,0
4,745,-589.0,89,terminated,0,55,1,0,-589.0,0,0,0,0,1,0,1,1,0,0,1,1,0,0,1,1,0,0,0,0,0,0,0,0,0,0,0,0,0,0
4,746,-552.0,52,terminated,0,55,1,0,-552.0,0,0,0,0,1,0,1,1,0,0,1,1,0,0,1,1,0,0,0,0,0,0,0,0,0,0,0,0,0,0
4,747,-525.0,25,terminated,0,55,1,0,-525.0,0,0,0,0,1,0,1,1,0,0,1,1,0,0,1,1,0,0,0,0,0,0,0,0,0,0,0,0,0,0
4,748,-576.0,76,terminated,0,55,1,0,-576.0,0,0,0,0,1,0,1,1,0,0,1,1,0,0,1,1,0,0,0,0,0,0,0,0,0,0,0,0,0,0
4,749,-300.0,300,truncated,0,55,0,0,-300.0,0,0,0,0,0,0,0,0,0,0,0,0,0,0,0,0,0,0,0,0,0,0,0,0,0,0,0,0,0,0
4,750,-533.0,33,terminated,0,55,1,0,-533.0,0,0,0,0,1,0,1,1,0,0,1,1,0,0,1,1,0,0,0,0,0,0,0,0,0,0,0,0,0,0
4,751,-520.0,20,terminated,0,55,1,0,-520.0,0,0,0,0,1,0,1,1,0,0,1,1,0,0,1,1,0,0,0,0,0,0,0,0,0,0,0,0,0,0
4,752,-573.0,73,terminated,0,55,1,0,-573.0,0,0,0,0,1,0,1,1,0,0,1,1,0,0,1,1,0,0,0,0,0,0,0,0,0,0,0,0,0,0
4,753,-542.0,42,terminated,0,55,1,0,-542.0,0,0,0,0,1,0,1,1,0,0,1,1,0,0,1,1,0,0,0,0,0,0,0,0,0,0,0,0,0,0
4,754,-520.0,20,terminated,0,55,1,0,-520.0,0,0,0,0,1,0,1,1,0,0,1,1,0,0,1,1,0,0,0,0,0,0,0,0,0,0,0,0,0,0
4,755,-553.0,53,terminated,0,55,1,0,-553.0,0,0,0,0,1,0,1,1,0,0,1,1,0,0,1,1,0,0,0,0,0,0,0,0,0,0,0,0,0,0
4,756,-570.0,70,terminated,0,55,1,0,-570.0,0,0,0,0,1,0,1,1,0,0,1,1,0,0,1,1,0,0,0,0,0,0,0,0,0,0,0,0,0,0
4,757,-525.0,25,terminated,0,55,1,0,-525.0,0,0,0,0,1,0,1,1,0,0,1,1,0,0,1,1,0,0,0,0,0,0,0,0,0,0,0,0,0,0
4,758,-542.0,42,terminated,0,55,1,0,-542.0,0,0,0,0,1,0,1,1,0,0,1,1,0,0,1,1,0,0,0,0,0,0,0,0,0,0,0,0,0,0
4,759,-536.0,36,terminated,0,55,1,0,-536.0,0,0,0,0,1,0,1,1,0,0,1,1,0,0,1,1,0,0,0,0,0,0,0,0,0,0,0,0,0,0
4,760,-524.0,24,terminated,0,55,1,0,-524.0,0,0,0,0,1,0,1,1,0,0,1,1,0,0,1,1,0,0,0,0,0,0,0,0,0,0,0,0,0,0
4,761,-547.0,47,terminated,0,55,1,0,-547.0,0,0,0,0,1,0,1,1,0,0,1,1,0,0,1,1,0,0,0,0,0,0,0,0,0,0,0,0,0,0
4,762,-576.0,76,terminated,0,55,1,0,-576.0,0,0,0,0,1,0,1,1,0,0,1,1,0,0,1,1,0,0,0,0,0,0,0,0,0,0,0,0,0,0
4,763,-526.0,26,terminated,0,55,1,0,-526.0,0,0,0,0,1,0,1,1,0,0,1,1,0,0,1,1,0,0,0,0,0,0,0,0,0,0,0,0,0,0
4,764,-527.0,27,terminated,0,55,1,0,-527.0,0,0,0,0,1,0,1,1,0,0,1,1,0,0,1,1,0,0,0,0,0,0,0,0,0,0,0,0,0,0
4,765,-523.0,23,terminated,0,55,1,0,-523.0,0,0,0,0,1,0,1,1,0,0,1,1,0,0,1,1,0,0,0,0,0,0,0,0,0,0,0,0,0,0
4,766,-704.0,204,terminated,0,55,1,0,-704.0,0,0,0,0,1,0,1,1,0,0,1,1,0,0,1,1,0,0,0,0,0,0,0,0,0,0,0,0,0,0
4,767,-527.0,27,terminated,0,55,1,0,-527.0,0,0,0,0,1,0,1,1,0,0,1,1,0,0,1,1,0,0,0,0,0,0,0,0,0,0,0,0,0,0
4,768,-529.0,29,terminated,0,55,1,0,-529.0,0,0,0,0,1,0,1,1,0,0,1,1,0,0,1,1,0,0,0,0,0,0,0,0,0,0,0,0,0,0
4,769,-558.0,58,terminated,0,55,1,0,-558.0,0,0,0,0,1,0,1,1,0,0,1,1,0,0,1,1,0,0,0,0,0,0,0,0,0,0,0,0,0,0
4,770,-522.0,22,terminated,0,55,1,0,-522.0,0,0,0,0,1,0,1,1,0,0,1,1,0,0,1,1,0,0,0,0,0,0,0,0,0,0,0,0,0,0
4,771,-521.0,21,terminated,0,55,1,0,-521.0,0,0,0,0,1,0,1,1,0,0,1,1,0,0,1,1,0,0,0,0,0,0,0,0,0,0,0,0,0,0
4,772,-530.0,30,terminated,0,55,1,0,-530.0,0,0,0,0,1,0,1,1,0,0,1,1,0,0,1,1,0,0,0,0,0,0,0,0,0,0,0,0,0,0
4,773,-548.0,48,terminated,0,55,1,0,-548.0,0,0,0,0,1,0,1,1,0,0,1,1,0,0,1,1,0,0,0,0,0,0,0,0,0,0,0,0,0,0
4,774,-523.0,23,terminated,0,55,1,0,-523.0,0,0,0,0,1,0,1,1,0,0,1,1,0,0,1,1,0,0,0,0,0,0,0,0,0,0,0,0,0,0
4,775,-683.0,183,terminated,0,55,1,0,-683.0,0,0,0,0,1,0,1,1,0,0,1,1,0,0,1,1,0,0,0,0,0,0,0,0,0,0,0,0,0,0
4,776,-547.0,47,terminated,0,55,1,0,-547.0,0,0,0,0,1,0,1,1,0,0,1,1,0,0,1,1,0,0,0,0,0,0,0,0,0,0,0,0,0,0
4,777,-531.0,31,terminated,0,55,1,0,-531.0,0,0,0,0,1,0,1,1,0,0,1,1,0,0,1,1,0,0,0,0,0,0,0,0,0,0,0,0,0,0
4,778,-530.0,30,terminated,0,55,1,0,-530.0,0,0,0,0,1,0,1,1,0,0,1,1,0,0,1,1,0,0,0,0,0,0,0,0,0,0,0,0,0,0
4,779,-642.0,142,terminated,0,55,1,0,-642.0,0,0,0,0,1,0,1,1,0,0,1,1,0,0,1,1,0,0,0,0,0,0,0,0,0,0,0,0,0,0
4,780,-615.0,115,terminated,0,55,1,0,-615.0,0,0,0,0,1,0,1,1,0,0,1,1,0,0,1,1,0,0,0,0,0,0,0,0,0,0,0,0,0,0
4,781,-562.0,62,terminated,0,55,1,0,-562.0,0,0,0,0,1,0,1,1,0,0,1,1,0,0,1,1,0,0,0,0,0,0,0,0,0,0,0,0,0,0
4,782,-568.0,68,terminated,0,55,1,0,-568.0,0,0,0,0,1,0,1,1,0,0,1,1,0,0,1,1,0,0,0,0,0,0,0,0,0,0,0,0,0,0
4,783,-527.0,27,terminated,0,55,1,0,-527.0,0,0,0,0,1,0,1,1,0,0,1,1,0,0,1,1,0,0,0,0,0,0,0,0,0,0,0,0,0,0
4,784,-649.0,149,terminated,0,55,1,0,-649.0,0,0,0,0,1,0,1,1,0,0,1,1,0,0,1,1,0,0,0,0,0,0,0,0,0,0,0,0,0,0
4,785,-540.0,40,terminated,0,55,1,0,-540.0,0,0,0,0,1,0,1,1,0,0,1,1,0,0,1,1,0,0,0,0,0,0,0,0,0,0,0,0,0,0
4,786,-520.0,20,terminated,0,55,1,0,-520.0,0,0,0,0,1,0,1,1,0,0,1,1,0,0,1,1,0,0,0,0,0,0,0,0,0,0,0,0,0,0
4,787,-530.0,30,terminated,0,55,1,0,-530.0,0,0,0,0,1,0,1,1,0,0,1,1,0,0,1,1,0,0,0,0,0,0,0,0,0,0,0,0,0,0
4,788,-516.0,16,terminated,0,55,1,0,-516.0,0,0,0,0,1,0,1,1,0,0,1,1,0,0,1,1,0,0,0,0,0,0,0,0,0,0,0,0,0,0
4,789,-521.0,21,terminated,0,55,1,0,-521.0,0,0,0,0,1,0,1,1,0,0,1,1,0,0,1,1,0,0,0,0,0,0,0,0,0,0,0,0,0,0
4,790,-601.0,101,terminated,0,55,1,0,-601.0,0,0,0,0,1,0,1,1,0,0,1,1,0,0,1,1,0,0,0,0,0,0,0,0,0,0,0,0,0,0
4,791,-534.0,34,terminated,0,55,1,0,-534.0,0,0,0,0,1,0,1,1,0,0,1,1,0,0,1,1,0,0,0,0,0,0,0,0,0,0,0,0,0,0
4,792,-530.0,30,terminated,0,55,1,0,-530.0,0,0,0,0,1,0,1,1,0,0,1,1,0,0,1,1,0,0,0,0,0,0,0,0,0,0,0,0,0,0
4,793,-645.0,145,terminated,0,55,1,0,-645.0,0,0,0,0,1,0,1,1,0,0,1,1,0,0,1,1,0,0,0,0,0,0,0,0,0,0,0,0,0,0
4,794,-585.0,85,terminated,0,55,1,0,-585.0,0,0,0,0,1,0,1,1,0,0,1,1,0,0,1,1,0,0,0,0,0,0,0,0,0,0,0,0,0,0
4,795,-516.0,16,terminated,0,55,1,0,-516.0,0,0,0,0,1,0,1,1,0,0,1,1,0,0,1,1,0,0,0,0,0,0,0,0,0,0,0,0,0,0
4,796,-581.0,81,terminated,0,55,1,0,-581.0,0,0,0,0,1,0,1,1,0,0,1,1,0,0,1,1,0,0,0,0,0,0,0,0,0,0,0,0,0,0
4,797,-566.0,66,terminated,0,55,1,0,-566.0,0,0,0,0,1,0,1,1,0,0,1,1,0,0,1,1,0,0,0,0,0,0,0,0,0,0,0,0,0,0
4,798,-515.0,15,terminated,0,55,1,0,-515.0,0,0,0,0,1,0,1,1,0,0,1,1,0,0,1,1,0,0,0,0,0,0,0,0,0,0,0,0,0,0
4,799,-606.0,106,terminated,0,55,1,0,-606.0,0,0,0,0,1,0,1,1,0,0,1,1,0,0,1,1,0,0,0,0,0,0,0,0,0,0,0,0,0,0
4,800,-564.0,64,terminated,0,55,1,0,-564.0,0,0,0,0,1,0,1,1,0,0,1,1,0,0,1,1,0,0,0,0,0,0,0,0,0,0,0,0,0,0
4,801,-529.0,29,terminated,0,55,1,0,-529.0,0,0,0,0,1,0,1,1,0,0,1,1,0,0,1,1,0,0,0,0,0,0,0,0,0,0,0,0,0,0
4,802,-598.0,98,terminated,0,55,1,0,-598.0,0,0,0,0,1,0,1,1,0,0,1,1,0,0,1,1,0,0,0,0,0,0,0,0,0,0,0,0,0,0
4,803,-523.0,23,terminated,0,55,1,0,-523.0,0,0,0,0,1,0,1,1,0,0,1,1,0,0,1,1,0,0,0,0,0,0,0,0,0,0,0,0,0,0
4,804,-537.0,37,terminated,0,55,1,0,-537.0,0,0,0,0,1,0,1,1,0,0,1,1,0,0,1,1,0,0,0,0,0,0,0,0,0,0,0,0,0,0
4,805,-529.0,29,terminated,0,55,1,0,-529.0,0,0,0,0,1,0,1,1,0,0,1,1,0,0,1,1,0,0,0,0,0,0,0,0,0,0,0,0,0,0
4,806,-577.0,77,terminated,0,55,1,0,-577.0,0,0,0,0,1,0,1,1,0,0,1,1,0,0,1,1,0,0,0,0,0,0,0,0,0,0,0,0,0,0
4,807,-595.0,95,terminated,0,55,1,0,-595.0,0,0,0,0,1,0,1,1,0,0,1,1,0,0,1,1,0,0,0,0,0,0,0,0,0,0,0,0,0,0
4,808,-521.0,21,terminated,0,55,1,0,-521.0,0,0,0,0,1,0,1,1,0,0,1,1,0,0,1,1,0,0,0,0,0,0,0,0,0,0,0,0,0,0
4,809,-663.0,163,terminated,0,55,1,0,-663.0,0,0,0,0,1,0,1,1,0,0,1,1,0,0,1,1,0,0,0,0,0,0,0,0,0,0,0,0,0,0
4,810,-547.0,47,terminated,0,55,1,0,-547.0,0,0,0,0,1,0,1,1,0,0,1,1,0,0,1,1,0,0,0,0,0,0,0,0,0,0,0,0,0,0
4,811,-531.0,31,terminated,0,55,1,0,-531.0,0,0,0,0,1,0,1,1,0,0,1,1,0,0,1,1,0,0,0,0,0,0,0,0,0,0,0,0,0,0
4,812,-521.0,21,terminated,0,55,1,0,-521.0,0,0,0,0,1,0,1,1,0,0,1,1,0,0,1,1,0,0,0,0,0,0,0,0,0,0,0,0,0,0
4,813,-564.0,64,terminated,0,55,1,0,-564.0,0,0,0,0,1,0,1,1,0,0,1,1,0,0,1,1,0,0,0,0,0,0,0,0,0,0,0,0,0,0
4,814,-754.0,254,terminated,0,55,1,0,-754.0,0,0,0,0,1,0,1,1,0,0,1,1,0,0,1,1,0,0,0,0,0,0,0,0,0,0,0,0,0,0
4,815,-519.0,19,terminated,0,55,1,0,-519.0,0,0,0,0,1,0,1,1,0,0,1,1,0,0,1,1,0,0,0,0,0,0,0,0,0,0,0,0,0,0
4,816,-527.0,27,terminated,0,55,1,0,-527.0,0,0,0,0,1,0,1,1,0,0,1,1,0,0,1,1,0,0,0,0,0,0,0,0,0,0,0,0,0,0
4,817,-619.0,119,terminated,0,55,1,0,-619.0,0,0,0,0,1,0,1,1,0,0,1,1,0,0,1,1,0,0,0,0,0,0,0,0,0,0,0,0,0,0
4,818,-577.0,77,terminated,0,55,1,0,-577.0,0,0,0,0,1,0,1,1,0,0,1,1,0,0,1,1,0,0,0,0,0,0,0,0,0,0,0,0,0,0
4,819,-564.0,64,terminated,0,55,1,0,-564.0,0,0,0,0,1,0,1,1,0,0,1,1,0,0,1,1,0,0,0,0,0,0,0,0,0,0,0,0,0,0
4,820,-529.0,29,terminated,0,55,1,0,-529.0,0,0,0,0,1,0,1,1,0,0,1,1,0,0,1,1,0,0,0,0,0,0,0,0,0,0,0,0,0,0
4,821,-618.0,118,terminated,0,55,1,0,-618.0,0,0,0,0,1,0,1,1,0,0,1,1,0,0,1,1,0,0,0,0,0,0,0,0,0,0,0,0,0,0
4,822,-579.0,79,terminated,0,55,1,0,-579.0,0,0,0,0,1,0,1,1,0,0,1,1,0,0,1,1,0,0,0,0,0,0,0,0,0,0,0,0,0,0
4,823,-543.0,43,terminated,0,55,1,0,-543.0,0,0,0,0,1,0,1,1,0,0,1,1,0,0,1,1,0,0,0,0,0,0,0,0,0,0,0,0,0,0
4,824,-620.0,120,terminated,0,55,1,0,-620.0,0,0,0,0,1,0,1,1,0,0,1,1,0,0,1,1,0,0,0,0,0,0,0,0,0,0,0,0,0,0
4,825,-580.0,80,terminated,0,55,1,0,-580.0,0,0,0,0,1,0,1,1,0,0,1,1,0,0,1,1,0,0,0,0,0,0,0,0,0,0,0,0,0,0
4,826,-570.0,70,terminated,0,55,1,0,-570.0,0,0,0,0,1,0,1,1,0,0,1,1,0,0,1,1,0,0,0,0,0,0,0,0,0,0,0,0,0,0
4,827,-529.0,29,terminated,0,55,1,0,-529.0,0,0,0,0,1,0,1,1,0,0,1,1,0,0,1,1,0,0,0,0,0,0,0,0,0,0,0,0,0,0
4,828,-526.0,26,terminated,0,55,1,0,-526.0,0,0,0,0,1,0,1,1,0,0,1,1,0,0,1,1,0,0,0,0,0,0,0,0,0,0,0,0,0,0
4,829,-560.0,60,terminated,0,55,1,0,-560.0,0,0,0,0,1,0,1,1,0,0,1,1,0,0,1,1,0,0,0,0,0,0,0,0,0,0,0,0,0,0
4,830,-672.0,172,terminated,0,55,1,0,-672.0,0,0,0,0,1,0,1,1,0,0,1,1,0,0,1,1,0,0,0,0,0,0,0,0,0,0,0,0,0,0
4,831,-591.0,91,terminated,0,55,1,0,-591.0,0,0,0,0,1,0,1,1,0,0,1,1,0,0,1,1,0,0,0,0,0,0,0,0,0,0,0,0,0,0
4,832,-576.0,76,terminated,0,55,1,0,-576.0,0,0,0,0,1,0,1,1,0,0,1,1,0,0,1,1,0,0,0,0,0,0,0,0,0,0,0,0,0,0
4,833,-671.0,171,terminated,0,55,1,0,-671.0,0,0,0,0,1,0,1,1,0,0,1,1,0,0,1,1,0,0,0,0,0,0,0,0,0,0,0,0,0,0
4,834,-532.0,32,terminated,0,55,1,0,-532.0,0,0,0,0,1,0,1,1,0,0,1,1,0,0,1,1,0,0,0,0,0,0,0,0,0,0,0,0,0,0
4,835,-564.0,64,terminated,0,55,1,0,-564.0,0,0,0,0,1,0,1,1,0,0,1,1,0,0,1,1,0,0,0,0,0,0,0,0,0,0,0,0,0,0
4,836,-581.0,81,terminated,0,55,1,0,-581.0,0,0,0,0,1,0,1,1,0,0,1,1,0,0,1,1,0,0,0,0,0,0,0,0,0,0,0,0,0,0
4,837,-527.0,27,terminated,0,55,1,0,-527.0,0,0,0,0,1,0,1,1,0,0,1,1,0,0,1,1,0,0,0,0,0,0,0,0,0,0,0,0,0,0
4,838,-520.0,20,terminated,0,55,1,0,-520.0,0,0,0,0,1,0,1,1,0,0,1,1,0,0,1,1,0,0,0,0,0,0,0,0,0,0,0,0,0,0
4,839,-549.0,49,terminated,0,55,1,0,-549.0,0,0,0,0,1,0,1,1,0,0,1,1,0,0,1,1,0,0,0,0,0,0,0,0,0,0,0,0,0,0
4,840,-556.0,56,terminated,0,55,1,0,-556.0,0,0,0,0,1,0,1,1,0,0,1,1,0,0,1,1,0,0,0,0,0,0,0,0,0,0,0,0,0,0
4,841,-542.0,42,terminated,0,55,1,0,-542.0,0,0,0,0,1,0,1,1,0,0,1,1,0,0,1,1,0,0,0,0,0,0,0,0,0,0,0,0,0,0
4,842,-613.0,113,terminated,0,55,1,0,-613.0,0,0,0,0,1,0,1,1,0,0,1,1,0,0,1,1,0,0,0,0,0,0,0,0,0,0,0,0,0,0
4,843,-557.0,57,terminated,0,55,1,0,-557.0,0,0,0,0,1,0,1,1,0,0,1,1,0,0,1,1,0,0,0,0,0,0,0,0,0,0,0,0,0,0
4,844,-584.0,84,terminated,0,55,1,0,-584.0,0,0,0,0,1,0,1,1,0,0,1,1,0,0,1,1,0,0,0,0,0,0,0,0,0,0,0,0,0,0
4,845,-629.0,129,terminated,0,55,1,0,-629.0,0,0,0,0,1,0,1,1,0,0,1,1,0,0,1,1,0,0,0,0,0,0,0,0,0,0,0,0,0,0
4,846,-568.0,68,terminated,0,55,1,0,-568.0,0,0,0,0,1,0,1,1,0,0,1,1,0,0,1,1,0,0,0,0,0,0,0,0,0,0,0,0,0,0
4,847,-629.0,129,terminated,0,55,1,0,-629.0,0,0,0,0,1,0,1,1,0,0,1,1,0,0,1,1,0,0,0,0,0,0,0,0,0,0,0,0,0,0
4,848,-541.0,41,terminated,0,55,1,0,-541.0,0,0,0,0,1,0,1,1,0,0,1,1,0,0,1,1,0,0,0,0,0,0,0,0,0,0,0,0,0,0
4,849,-521.0,21,terminated,0,55,1,0,-521.0,0,0,0,0,1,0,1,1,0,0,1,1,0,0,1,1,0,0,0,0,0,0,0,0,0,0,0,0,0,0
4,850,-525.0,25,terminated,0,55,1,0,-525.0,0,0,0,0,1,0,1,1,0,0,1,1,0,0,1,1,0,0,0,0,0,0,0,0,0,0,0,0,0,0
4,851,-517.0,17,terminated,0,55,1,0,-517.0,0,0,0,0,1,0,1,1,0,0,1,1,0,0,1,1,0,0,0,0,0,0,0,0,0,0,0,0,0,0
4,852,-571.0,71,terminated,0,55,1,0,-571.0,0,0,0,0,1,0,1,1,0,0,1,1,0,0,1,1,0,0,0,0,0,0,0,0,0,0,0,0,0,0
4,853,-555.0,55,terminated,0,55,1,0,-555.0,0,0,0,0,1,0,1,1,0,0,1,1,0,0,1,1,0,0,0,0,0,0,0,0,0,0,0,0,0,0
4,854,-555.0,55,terminated,0,55,1,0,-555.0,0,0,0,0,1,0,1,1,0,0,1,1,0,0,1,1,0,0,0,0,0,0,0,0,0,0,0,0,0,0
4,855,-526.0,26,terminated,0,55,1,0,-526.0,0,0,0,0,1,0,1,1,0,0,1,1,0,0,1,1,0,0,0,0,0,0,0,0,0,0,0,0,0,0
4,856,-558.0,58,terminated,0,55,1,0,-558.0,0,0,0,0,1,0,1,1,0,0,1,1,0,0,1,1,0,0,0,0,0,0,0,0,0,0,0,0,0,0
4,857,-523.0,23,terminated,0,55,1,0,-523.0,0,0,0,0,1,0,1,1,0,0,1,1,0,0,1,1,0,0,0,0,0,0,0,0,0,0,0,0,0,0
4,858,-594.0,94,terminated,0,55,1,0,-594.0,0,0,0,0,1,0,1,1,0,0,1,1,0,0,1,1,0,0,0,0,0,0,0,0,0,0,0,0,0,0
4,859,-541.0,41,terminated,0,55,1,0,-541.0,0,0,0,0,1,0,1,1,0,0,1,1,0,0,1,1,0,0,0,0,0,0,0,0,0,0,0,0,0,0
4,860,-677.0,177,terminated,0,55,1,0,-677.0,0,0,0,0,1,0,1,1,0,0,1,1,0,0,1,1,0,0,0,0,0,0,0,0,0,0,0,0,0,0
4,861,-526.0,26,terminated,0,55,1,0,-526.0,0,0,0,0,1,0,1,1,0,0,1,1,0,0,1,1,0,0,0,0,0,0,0,0,0,0,0,0,0,0
4,862,-648.0,148,terminated,0,55,1,0,-648.0,0,0,0,0,1,0,1,1,0,0,1,1,0,0,1,1,0,0,0,0,0,0,0,0,0,0,0,0,0,0
4,863,-560.0,60,terminated,0,55,1,0,-560.0,0,0,0,0,1,0,1,1,0,0,1,1,0,0,1,1,0,0,0,0,0,0,0,0,0,0,0,0,0,0
4,864,-566.0,66,terminated,0,55,1,0,-566.0,0,0,0,0,1,0,1,1,0,0,1,1,0,0,1,1,0,0,0,0,0,0,0,0,0,0,0,0,0,0
4,865,-602.0,102,terminated,0,55,1,0,-602.0,0,0,0,0,1,0,1,1,0,0,1,1,0,0,1,1,0,0,0,0,0,0,0,0,0,0,0,0,0,0
4,866,-660.0,160,terminated,0,55,1,0,-660.0,0,0,0,0,1,0,1,1,0,0,1,1,0,0,1,1,0,0,0,0,0,0,0,0,0,0,0,0,0,0
4,867,-518.0,18,terminated,0,55,1,0,-518.0,0,0,0,0,1,0,1,1,0,0,1,1,0,0,1,1,0,0,0,0,0,0,0,0,0,0,0,0,0,0
4,868,-523.0,23,terminated,0,55,1,0,-523.0,0,0,0,0,1,0,1,1,0,0,1,1,0,0,1,1,0,0,0,0,0,0,0,0,0,0,0,0,0,0
4,869,-589.0,89,terminated,0,55,1,0,-589.0,0,0,0,0,1,0,1,1,0,0,1,1,0,0,1,1,0,0,0,0,0,0,0,0,0,0,0,0,0,0
4,870,-593.0,93,terminated,0,55,1,0,-593.0,0,0,0,0,1,0,1,1,0,0,1,1,0,0,1,1,0,0,0,0,0,0,0,0,0,0,0,0,0,0
4,871,-610.0,110,terminated,0,55,1,0,-610.0,0,0,0,0,1,0,1,1,0,0,1,1,0,0,1,1,0,0,0,0,0,0,0,0,0,0,0,0,0,0
4,872,-606.0,106,terminated,0,55,1,0,-606.0,0,0,0,0,1,0,1,1,0,0,1,1,0,0,1,1,0,0,0,0,0,0,0,0,0,0,0,0,0,0
4,873,-521.0,21,terminated,0,55,1,0,-521.0,0,0,0,0,1,0,1,1,0,0,1,1,0,0,1,1,0,0,0,0,0,0,0,0,0,0,0,0,0,0
4,874,-533.0,33,terminated,0,55,1,0,-533.0,0,0,0,0,1,0,1,1,0,0,1,1,0,0,1,1,0,0,0,0,0,0,0,0,0,0,0,0,0,0
4,875,-539.0,39,terminated,0,55,1,0,-539.0,0,0,0,0,1,0,1,1,0,0,1,1,0,0,1,1,0,0,0,0,0,0,0,0,0,0,0,0,0,0
4,876,-526.0,26,terminated,0,55,1,0,-526.0,0,0,0,0,1,0,1,1,0,0,1,1,0,0,1,1,0,0,0,0,0,0,0,0,0,0,0,0,0,0
4,877,-550.0,50,terminated,0,55,1,0,-550.0,0,0,0,0,1,0,1,1,0,0,1,1,0,0,1,1,0,0,0,0,0,0,0,0,0,0,0,0,0,0
4,878,-521.0,21,terminated,0,55,1,0,-521.0,0,0,0,0,1,0,1,1,0,0,1,1,0,0,1,1,0,0,0,0,0,0,0,0,0,0,0,0,0,0
4,879,-517.0,17,terminated,0,55,1,0,-517.0,0,0,0,0,1,0,1,1,0,0,1,1,0,0,1,1,0,0,0,0,0,0,0,0,0,0,0,0,0,0
4,880,-575.0,75,terminated,0,55,1,0,-575.0,0,0,0,0,1,0,1,1,0,0,1,1,0,0,1,1,0,0,0,0,0,0,0,0,0,0,0,0,0,0
4,881,-516.0,16,terminated,0,55,1,0,-516.0,0,0,0,0,1,0,1,1,0,0,1,1,0,0,1,1,0,0,0,0,0,0,0,0,0,0,0,0,0,0
4,882,-604.0,104,terminated,0,55,1,0,-604.0,0,0,0,0,1,0,1,1,0,0,1,1,0,0,1,1,0,0,0,0,0,0,0,0,0,0,0,0,0,0
4,883,-553.0,53,terminated,0,55,1,0,-553.0,0,0,0,0,1,0,1,1,0,0,1,1,0,0,1,1,0,0,0,0,0,0,0,0,0,0,0,0,0,0
4,884,-568.0,68,terminated,0,55,1,0,-568.0,0,0,0,0,1,0,1,1,0,0,1,1,0,0,1,1,0,0,0,0,0,0,0,0,0,0,0,0,0,0
4,885,-607.0,107,terminated,0,55,1,0,-607.0,0,0,0,0,1,0,1,1,0,0,1,1,0,0,1,1,0,0,0,0,0,0,0,0,0,0,0,0,0,0
4,886,-572.0,72,terminated,0,55,1,0,-572.0,0,0,0,0,1,0,1,1,0,0,1,1,0,0,1,1,0,0,0,0,0,0,0,0,0,0,0,0,0,0
4,887,-650.0,150,terminated,0,55,1,0,-650.0,0,0,0,0,1,0,1,1,0,0,1,1,0,0,1,1,0,0,0,0,0,0,0,0,0,0,0,0,0,0
4,888,-538.0,38,terminated,0,55,1,0,-538.0,0,0,0,0,1,0,1,1,0,0,1,1,0,0,1,1,0,0,0,0,0,0,0,0,0,0,0,0,0,0
4,889,-521.0,21,terminated,0,55,1,0,-521.0,0,0,0,0,1,0,1,1,0,0,1,1,0,0,1,1,0,0,0,0,0,0,0,0,0,0,0,0,0,0
4,890,-562.0,62,terminated,0,55,1,0,-562.0,0,0,0,0,1,0,1,1,0,0,1,1,0,0,1,1,0,0,0,0,0,0,0,0,0,0,0,0,0,0
4,891,-533.0,33,terminated,0,55,1,0,-533.0,0,0,0,0,1,0,1,1,0,0,1,1,0,0,1,1,0,0,0,0,0,0,0,0,0,0,0,0,0,0
4,892,-518.0,18,terminated,0,55,1,0,-518.0,0,0,0,0,1,0,1,1,0,0,1,1,0,0,1,1,0,0,0,0,0,0,0,0,0,0,0,0,0,0
4,893,-522.0,22,terminated,0,55,1,0,-522.0,0,0,0,0,1,0,1,1,0,0,1,1,0,0,1,1,0,0,0,0,0,0,0,0,0,0,0,0,0,0
4,894,-536.0,36,terminated,0,55,1,0,-536.0,0,0,0,0,1,0,1,1,0,0,1,1,0,0,1,1,0,0,0,0,0,0,0,0,0,0,0,0,0,0
4,895,-524.0,24,terminated,0,55,1,0,-524.0,0,0,0,0,1,0,1,1,0,0,1,1,0,0,1,1,0,0,0,0,0,0,0,0,0,0,0,0,0,0
4,896,-566.0,66,terminated,0,55,1,0,-566.0,0,0,0,0,1,0,1,1,0,0,1,1,0,0,1,1,0,0,0,0,0,0,0,0,0,0,0,0,0,0
4,897,-590.0,90,terminated,0,55,1,0,-590.0,0,0,0,0,1,0,1,1,0,0,1,1,0,0,1,1,0,0,0,0,0,0,0,0,0,0,0,0,0,0
4,898,-577.0,77,terminated,0,55,1,0,-577.0,0,0,0,0,1,0,1,1,0,0,1,1,0,0,1,1,0,0,0,0,0,0,0,0,0,0,0,0,0,0
4,899,-620.0,120,terminated,0,55,1,0,-620.0,0,0,0,0,1,0,1,1,0,0,1,1,0,0,1,1,0,0,0,0,0,0,0,0,0,0,0,0,0,0
4,900,-536.0,36,terminated,0,55,1,0,-536.0,0,0,0,0,1,0,1,1,0,0,1,1,0,0,1,1,0,0,0,0,0,0,0,0,0,0,0,0,0,0
4,901,-523.0,23,terminated,0,55,1,0,-523.0,0,0,0,0,1,0,1,1,0,0,1,1,0,0,1,1,0,0,0,0,0,0,0,0,0,0,0,0,0,0
4,902,-582.0,82,terminated,0,55,1,0,-582.0,0,0,0,0,1,0,1,1,0,0,1,1,0,0,1,1,0,0,0,0,0,0,0,0,0,0,0,0,0,0
4,903,-537.0,37,terminated,0,55,1,0,-537.0,0,0,0,0,1,0,1,1,0,0,1,1,0,0,1,1,0,0,0,0,0,0,0,0,0,0,0,0,0,0
4,904,-536.0,36,terminated,0,55,1,0,-536.0,0,0,0,0,1,0,1,1,0,0,1,1,0,0,1,1,0,0,0,0,0,0,0,0,0,0,0,0,0,0
4,905,-520.0,20,terminated,0,55,1,0,-520.0,0,0,0,0,1,0,1,1,0,0,1,1,0,0,1,1,0,0,0,0,0,0,0,0,0,0,0,0,0,0
4,906,-646.0,146,terminated,0,55,1,0,-646.0,0,0,0,0,1,0,1,1,0,0,1,1,0,0,1,1,0,0,0,0,0,0,0,0,0,0,0,0,0,0
4,907,-526.0,26,terminated,0,55,1,0,-526.0,0,0,0,0,1,0,1,1,0,0,1,1,0,0,1,1,0,0,0,0,0,0,0,0,0,0,0,0,0,0
4,908,-536.0,36,terminated,0,55,1,0,-536.0,0,0,0,0,1,0,1,1,0,0,1,1,0,0,1,1,0,0,0,0,0,0,0,0,0,0,0,0,0,0
4,909,-606.0,106,terminated,0,55,1,0,-606.0,0,0,0,0,1,0,1,1,0,0,1,1,0,0,1,1,0,0,0,0,0,0,0,0,0,0,0,0,0,0
4,910,-562.0,62,terminated,0,55,1,0,-562.0,0,0,0,0,1,0,1,1,0,0,1,1,0,0,1,1,0,0,0,0,0,0,0,0,0,0,0,0,0,0
4,911,-535.0,35,terminated,0,55,1,0,-535.0,0,0,0,0,1,0,1,1,0,0,1,1,0,0,1,1,0,0,0,0,0,0,0,0,0,0,0,0,0,0
4,912,-657.0,157,terminated,0,55,1,0,-657.0,0,0,0,0,1,0,1,1,0,0,1,1,0,0,1,1,0,0,0,0,0,0,0,0,0,0,0,0,0,0
4,913,-525.0,25,terminated,0,55,1,0,-525.0,0,0,0,0,1,0,1,1,0,0,1,1,0,0,1,1,0,0,0,0,0,0,0,0,0,0,0,0,0,0
4,914,-529.0,29,terminated,0,55,1,0,-529.0,0,0,0,0,1,0,1,1,0,0,1,1,0,0,1,1,0,0,0,0,0,0,0,0,0,0,0,0,0,0
4,915,-538.0,38,terminated,0,55,1,0,-538.0,0,0,0,0,1,0,1,1,0,0,1,1,0,0,1,1,0,0,0,0,0,0,0,0,0,0,0,0,0,0
4,916,-529.0,29,terminated,0,55,1,0,-529.0,0,0,0,0,1,0,1,1,0,0,1,1,0,0,1,1,0,0,0,0,0,0,0,0,0,0,0,0,0,0
4,917,-553.0,53,terminated,0,55,1,0,-553.0,0,0,0,0,1,0,1,1,0,0,1,1,0,0,1,1,0,0,0,0,0,0,0,0,0,0,0,0,0,0
4,918,-577.0,77,terminated,0,55,1,0,-577.0,0,0,0,0,1,0,1,1,0,0,1,1,0,0,1,1,0,0,0,0,0,0,0,0,0,0,0,0,0,0
4,919,-582.0,82,terminated,0,55,1,0,-582.0,0,0,0,0,1,0,1,1,0,0,1,1,0,0,1,1,0,0,0,0,0,0,0,0,0,0,0,0,0,0
4,920,-525.0,25,terminated,0,55,1,0,-525.0,0,0,0,0,1,0,1,1,0,0,1,1,0,0,1,1,0,0,0,0,0,0,0,0,0,0,0,0,0,0
4,921,-522.0,22,terminated,0,55,1,0,-522.0,0,0,0,0,1,0,1,1,0,0,1,1,0,0,1,1,0,0,0,0,0,0,0,0,0,0,0,0,0,0
4,922,-559.0,59,terminated,0,55,1,0,-559.0,0,0,0,0,1,0,1,1,0,0,1,1,0,0,1,1,0,0,0,0,0,0,0,0,0,0,0,0,0,0
4,923,-602.0,102,terminated,0,55,1,0,-602.0,0,0,0,0,1,0,1,1,0,0,1,1,0,0,1,1,0,0,0,0,0,0,0,0,0,0,0,0,0,0
4,924,-525.0,25,terminated,0,55,1,0,-525.0,0,0,0,0,1,0,1,1,0,0,1,1,0,0,1,1,0,0,0,0,0,0,0,0,0,0,0,0,0,0
4,925,-549.0,49,terminated,0,55,1,0,-549.0,0,0,0,0,1,0,1,1,0,0,1,1,0,0,1,1,0,0,0,0,0,0,0,0,0,0,0,0,0,0
4,926,-591.0,91,terminated,0,55,1,0,-591.0,0,0,0,0,1,0,1,1,0,0,1,1,0,0,1,1,0,0,0,0,0,0,0,0,0,0,0,0,0,0
4,927,-683.0,183,terminated,0,55,1,0,-683.0,0,0,0,0,1,0,1,1,0,0,1,1,0,0,1,1,0,0,0,0,0,0,0,0,0,0,0,0,0,0
4,928,-676.0,176,terminated,0,55,1,0,-676.0,0,0,0,0,1,0,1,1,0,0,1,1,0,0,1,1,0,0,0,0,0,0,0,0,0,0,0,0,0,0
4,929,-555.0,55,terminated,0,55,1,0,-555.0,0,0,0,0,1,0,1,1,0,0,1,1,0,0,1,1,0,0,0,0,0,0,0,0,0,0,0,0,0,0
4,930,-524.0,24,terminated,0,55,1,0,-524.0,0,0,0,0,1,0,1,1,0,0,1,1,0,0,1,1,0,0,0,0,0,0,0,0,0,0,0,0,0,0
4,931,-554.0,54,terminated,0,55,1,0,-554.0,0,0,0,0,1,0,1,1,0,0,1,1,0,0,1,1,0,0,0,0,0,0,0,0,0,0,0,0,0,0
4,932,-578.0,78,terminated,0,55,1,0,-578.0,0,0,0,0,1,0,1,1,0,0,1,1,0,0,1,1,0,0,0,0,0,0,0,0,0,0,0,0,0,0
4,933,-566.0,66,terminated,0,55,1,0,-566.0,0,0,0,0,1,0,1,1,0,0,1,1,0,0,1,1,0,0,0,0,0,0,0,0,0,0,0,0,0,0
4,934,-619.0,119,terminated,0,55,1,0,-619.0,0,0,0,0,1,0,1,1,0,0,1,1,0,0,1,1,0,0,0,0,0,0,0,0,0,0,0,0,0,0
4,935,-729.0,229,terminated,0,55,1,0,-729.0,0,0,0,0,1,0,1,1,0,0,1,1,0,0,1,1,0,0,0,0,0,0,0,0,0,0,0,0,0,0
4,936,-619.0,119,terminated,0,55,1,0,-619.0,0,0,0,0,1,0,1,1,0,0,1,1,0,0,1,1,0,0,0,0,0,0,0,0,0,0,0,0,0,0
4,937,-528.0,28,terminated,0,55,1,0,-528.0,0,0,0,0,1,0,1,1,0,0,1,1,0,0,1,1,0,0,0,0,0,0,0,0,0,0,0,0,0,0
4,938,-527.0,27,terminated,0,55,1,0,-527.0,0,0,0,0,1,0,1,1,0,0,1,1,0,0,1,1,0,0,0,0,0,0,0,0,0,0,0,0,0,0
4,939,-632.0,132,terminated,0,55,1,0,-632.0,0,0,0,0,1,0,1,1,0,0,1,1,0,0,1,1,0,0,0,0,0,0,0,0,0,0,0,0,0,0
4,940,-523.0,23,terminated,0,55,1,0,-523.0,0,0,0,0,1,0,1,1,0,0,1,1,0,0,1,1,0,0,0,0,0,0,0,0,0,0,0,0,0,0
4,941,-550.0,50,terminated,0,55,1,0,-550.0,0,0,0,0,1,0,1,1,0,0,1,1,0,0,1,1,0,0,0,0,0,0,0,0,0,0,0,0,0,0
4,942,-550.0,50,terminated,0,55,1,0,-550.0,0,0,0,0,1,0,1,1,0,0,1,1,0,0,1,1,0,0,0,0,0,0,0,0,0,0,0,0,0,0
4,943,-595.0,95,terminated,0,55,1,0,-595.0,0,0,0,0,1,0,1,1,0,0,1,1,0,0,1,1,0,0,0,0,0,0,0,0,0,0,0,0,0,0
4,944,-558.0,58,terminated,0,55,1,0,-558.0,0,0,0,0,1,0,1,1,0,0,1,1,0,0,1,1,0,0,0,0,0,0,0,0,0,0,0,0,0,0
4,945,-541.0,41,terminated,0,55,1,0,-541.0,0,0,0,0,1,0,1,1,0,0,1,1,0,0,1,1,0,0,0,0,0,0,0,0,0,0,0,0,0,0
4,946,-583.0,83,terminated,0,55,1,0,-583.0,0,0,0,0,1,0,1,1,0,0,1,1,0,0,1,1,0,0,0,0,0,0,0,0,0,0,0,0,0,0
4,947,-528.0,28,terminated,0,55,1,0,-528.0,0,0,0,0,1,0,1,1,0,0,1,1,0,0,1,1,0,0,0,0,0,0,0,0,0,0,0,0,0,0
4,948,-541.0,41,terminated,0,55,1,0,-541.0,0,0,0,0,1,0,1,1,0,0,1,1,0,0,1,1,0,0,0,0,0,0,0,0,0,0,0,0,0,0
4,949,-523.0,23,terminated,0,55,1,0,-523.0,0,0,0,0,1,0,1,1,0,0,1,1,0,0,1,1,0,0,0,0,0,0,0,0,0,0,0,0,0,0
4,950,-573.0,73,terminated,0,55,1,0,-573.0,0,0,0,0,1,0,1,1,0,0,1,1,0,0,1,1,0,0,0,0,0,0,0,0,0,0,0,0,0,0
4,951,-526.0,26,terminated,0,55,1,0,-526.0,0,0,0,0,1,0,1,1,0,0,1,1,0,0,1,1,0,0,0,0,0,0,0,0,0,0,0,0,0,0
4,952,-559.0,59,terminated,0,55,1,0,-559.0,0,0,0,0,1,0,1,1,0,0,1,1,0,0,1,1,0,0,0,0,0,0,0,0,0,0,0,0,0,0
4,953,-534.0,34,terminated,0,55,1,0,-534.0,0,0,0,0,1,0,1,1,0,0,1,1,0,0,1,1,0,0,0,0,0,0,0,0,0,0,0,0,0,0
4,954,-517.0,17,terminated,0,55,1,0,-517.0,0,0,0,0,1,0,1,1,0,0,1,1,0,0,1,1,0,0,0,0,0,0,0,0,0,0,0,0,0,0
4,955,-525.0,25,terminated,0,55,1,0,-525.0,0,0,0,0,1,0,1,1,0,0,1,1,0,0,1,1,0,0,0,0,0,0,0,0,0,0,0,0,0,0
4,956,-588.0,88,terminated,0,55,1,0,-588.0,0,0,0,0,1,0,1,1,0,0,1,1,0,0,1,1,0,0,0,0,0,0,0,0,0,0,0,0,0,0
4,957,-551.0,51,terminated,0,55,1,0,-551.0,0,0,0,0,1,0,1,1,0,0,1,1,0,0,1,1,0,0,0,0,0,0,0,0,0,0,0,0,0,0
4,958,-547.0,47,terminated,0,55,1,0,-547.0,0,0,0,0,1,0,1,1,0,0,1,1,0,0,1,1,0,0,0,0,0,0,0,0,0,0,0,0,0,0
4,959,-544.0,44,terminated,0,55,1,0,-544.0,0,0,0,0,1,0,1,1,0,0,1,1,0,0,1,1,0,0,0,0,0,0,0,0,0,0,0,0,0,0
4,960,-567.0,67,terminated,0,55,1,0,-567.0,0,0,0,0,1,0,1,1,0,0,1,1,0,0,1,1,0,0,0,0,0,0,0,0,0,0,0,0,0,0
4,961,-555.0,55,terminated,0,55,1,0,-555.0,0,0,0,0,1,0,1,1,0,0,1,1,0,0,1,1,0,0,0,0,0,0,0,0,0,0,0,0,0,0
4,962,-540.0,40,terminated,0,55,1,0,-540.0,0,0,0,0,1,0,1,1,0,0,1,1,0,0,1,1,0,0,0,0,0,0,0,0,0,0,0,0,0,0
4,963,-519.0,19,terminated,0,55,1,0,-519.0,0,0,0,0,1,0,1,1,0,0,1,1,0,0,1,1,0,0,0,0,0,0,0,0,0,0,0,0,0,0
4,964,-527.0,27,terminated,0,55,1,0,-527.0,0,0,0,0,1,0,1,1,0,0,1,1,0,0,1,1,0,0,0,0,0,0,0,0,0,0,0,0,0,0
4,965,-538.0,38,terminated,0,55,1,0,-538.0,0,0,0,0,1,0,1,1,0,0,1,1,0,0,1,1,0,0,0,0,0,0,0,0,0,0,0,0,0,0
4,966,-553.0,53,terminated,0,55,1,0,-553.0,0,0,0,0,1,0,1,1,0,0,1,1,0,0,1,1,0,0,0,0,0,0,0,0,0,0,0,0,0,0
4,967,-622.0,122,terminated,0,55,1,0,-622.0,0,0,0,0,1,0,1,1,0,0,1,1,0,0,1,1,0,0,0,0,0,0,0,0,0,0,0,0,0,0
4,968,-524.0,24,terminated,0,55,1,0,-524.0,0,0,0,0,1,0,1,1,0,0,1,1,0,0,1,1,0,0,0,0,0,0,0,0,0,0,0,0,0,0
4,969,-524.0,24,terminated,0,55,1,0,-524.0,0,0,0,0,1,0,1,1,0,0,1,1,0,0,1,1,0,0,0,0,0,0,0,0,0,0,0,0,0,0
4,970,-581.0,81,terminated,0,55,1,0,-581.0,0,0,0,0,1,0,1,1,0,0,1,1,0,0,1,1,0,0,0,0,0,0,0,0,0,0,0,0,0,0
4,971,-525.0,25,terminated,0,55,1,0,-525.0,0,0,0,0,1,0,1,1,0,0,1,1,0,0,1,1,0,0,0,0,0,0,0,0,0,0,0,0,0,0
4,972,-514.0,14,terminated,0,55,1,0,-514.0,0,0,0,0,1,0,1,1,0,0,1,1,0,0,1,1,0,0,0,0,0,0,0,0,0,0,0,0,0,0
4,973,-527.0,27,terminated,0,55,1,0,-527.0,0,0,0,0,1,0,1,1,0,0,1,1,0,0,1,1,0,0,0,0,0,0,0,0,0,0,0,0,0,0
4,974,-524.0,24,terminated,0,55,1,0,-524.0,0,0,0,0,1,0,1,1,0,0,1,1,0,0,1,1,0,0,0,0,0,0,0,0,0,0,0,0,0,0
4,975,-520.0,20,terminated,0,55,1,0,-520.0,0,0,0,0,1,0,1,1,0,0,1,1,0,0,1,1,0,0,0,0,0,0,0,0,0,0,0,0,0,0
4,976,-556.0,56,terminated,0,55,1,0,-556.0,0,0,0,0,1,0,1,1,0,0,1,1,0,0,1,1,0,0,0,0,0,0,0,0,0,0,0,0,0,0
4,977,-549.0,49,terminated,0,55,1,0,-549.0,0,0,0,0,1,0,1,1,0,0,1,1,0,0,1,1,0,0,0,0,0,0,0,0,0,0,0,0,0,0
4,978,-521.0,21,terminated,0,55,1,0,-521.0,0,0,0,0,1,0,1,1,0,0,1,1,0,0,1,1,0,0,0,0,0,0,0,0,0,0,0,0,0,0
4,979,-517.0,17,terminated,0,55,1,0,-517.0,0,0,0,0,1,0,1,1,0,0,1,1,0,0,1,1,0,0,0,0,0,0,0,0,0,0,0,0,0,0
4,980,-556.0,56,terminated,0,55,1,0,-556.0,0,0,0,0,1,0,1,1,0,0,1,1,0,0,1,1,0,0,0,0,0,0,0,0,0,0,0,0,0,0
4,981,-614.0,114,terminated,0,55,1,0,-614.0,0,0,0,0,1,0,1,1,0,0,1,1,0,0,1,1,0,0,0,0,0,0,0,0,0,0,0,0,0,0
4,982,-534.0,34,terminated,0,55,1,0,-534.0,0,0,0,0,1,0,1,1,0,0,1,1,0,0,1,1,0,0,0,0,0,0,0,0,0,0,0,0,0,0
4,983,-594.0,94,terminated,0,55,1,0,-594.0,0,0,0,0,1,0,1,1,0,0,1,1,0,0,1,1,0,0,0,0,0,0,0,0,0,0,0,0,0,0
4,984,-541.0,41,terminated,0,55,1,0,-541.0,0,0,0,0,1,0,1,1,0,0,1,1,0,0,1,1,0,0,0,0,0,0,0,0,0,0,0,0,0,0
4,985,-562.0,62,terminated,0,55,1,0,-562.0,0,0,0,0,1,0,1,1,0,0,1,1,0,0,1,1,0,0,0,0,0,0,0,0,0,0,0,0,0,0
4,986,-524.0,24,terminated,0,55,1,0,-524.0,0,0,0,0,1,0,1,1,0,0,1,1,0,0,1,1,0,0,0,0,0,0,0,0,0,0,0,0,0,0
4,987,-606.0,106,terminated,0,55,1,0,-606.0,0,0,0,0,1,0,1,1,0,0,1,1,0,0,1,1,0,0,0,0,0,0,0,0,0,0,0,0,0,0
4,988,-518.0,18,terminated,0,55,1,0,-518.0,0,0,0,0,1,0,1,1,0,0,1,1,0,0,1,1,0,0,0,0,0,0,0,0,0,0,0,0,0,0
4,989,-689.0,189,terminated,0,55,1,0,-689.0,0,0,0,0,1,0,1,1,0,0,1,1,0,0,1,1,0,0,0,0,0,0,0,0,0,0,0,0,0,0
4,990,-612.0,112,terminated,0,55,1,0,-612.0,0,0,0,0,1,0,1,1,0,0,1,1,0,0,1,1,0,0,0,0,0,0,0,0,0,0,0,0,0,0
4,991,-522.0,22,terminated,0,55,1,0,-522.0,0,0,0,0,1,0,1,1,0,0,1,1,0,0,1,1,0,0,0,0,0,0,0,0,0,0,0,0,0,0
4,992,-547.0,47,terminated,0,55,1,0,-547.0,0,0,0,0,1,0,1,1,0,0,1,1,0,0,1,1,0,0,0,0,0,0,0,0,0,0,0,0,0,0
4,993,-605.0,105,terminated,0,55,1,0,-605.0,0,0,0,0,1,0,1,1,0,0,1,1,0,0,1,1,0,0,0,0,0,0,0,0,0,0,0,0,0,0
4,994,-527.0,27,terminated,0,55,1,0,-527.0,0,0,0,0,1,0,1,1,0,0,1,1,0,0,1,1,0,0,0,0,0,0,0,0,0,0,0,0,0,0
4,995,-519.0,19,terminated,0,55,1,0,-519.0,0,0,0,0,1,0,1,1,0,0,1,1,0,0,1,1,0,0,0,0,0,0,0,0,0,0,0,0,0,0
4,996,-578.0,78,terminated,0,55,1,0,-578.0,0,0,0,0,1,0,1,1,0,0,1,1,0,0,1,1,0,0,0,0,0,0,0,0,0,0,0,0,0,0
4,997,-592.0,92,terminated,0,55,1,0,-592.0,0,0,0,0,1,0,1,1,0,0,1,1,0,0,1,1,0,0,0,0,0,0,0,0,0,0,0,0,0,0
4,998,-532.0,32,terminated,0,55,1,0,-532.0,0,0,0,0,1,0,1,1,0,0,1,1,0,0,1,1,0,0,0,0,0,0,0,0,0,0,0,0,0,0
4,999,-629.0,129,terminated,0,55,1,0,-629.0,0,0,0,0,1,0,1,1,0,0,1,1,0,0,1,1,0,0,0,0,0,0,0,0,0,0,0,0,0,0
